Target_genes	Mitf|Average	SRX8700368|B16-F1	SRX8700369|B16-F1	SRX310208|Mast_Cells	SRX3419830|Myeloid_Cells	SRX3419831|Myeloid_Cells	SRX3419832|Myeloid_Cells	STRING
Brox	996.833333	1393	1511	339	754	910	1074	0
Aida	996.833333	1393	1511	339	754	910	1074	0
Cldn34d	976.833333	1384	1787	407	803	786	694	0
Tcstv3	836.000000	880	1106	178	584	1229	1039	0
Zfp655	829.000000	2080	1941	953	0	0	0	0
Xylb	711.666667	1634	1182	1454	0	0	0	0
Spg11	665.000000	1659	1631	700	0	0	0	0
Sqstm1	638.000000	1425	1550	853	0	0	0	0
Rragc	623.500000	1363	1255	1123	0	0	0	0
Hexa	620.166667	1807	1195	719	0	0	0	0
Atp7a	592.166667	1587	1592	374	0	0	0	0
Sf3b2	586.500000	0	122	119	1081	1179	1018	0
Fam120a	576.666667	1503	1957	0	0	0	0	0
U2surp	572.000000	1087	963	1382	0	0	0	0
Lamp1	569.000000	976	731	755	445	305	202	487
Aph1c	559.333333	1388	1676	292	0	0	0	0
Arl8b	557.666667	1344	1346	656	0	0	0	0
Atp6v0c	557.166667	1469	1531	343	0	0	0	0
Amdhd2	557.166667	1469	1531	343	0	0	0	0
Prr5l	555.666667	1213	1098	1023	0	0	0	0
Commd9	555.666667	1213	1098	1023	0	0	0	0
Nme1	530.500000	1278	850	1055	0	0	0	0
Pikfyve	523.166667	1403	1573	163	0	0	0	0
Idh1	523.166667	1403	1573	163	0	0	0	0
Ube2q1	517.000000	1222	1189	382	0	171	138	0
Atp6v1c1	509.833333	996	1285	778	0	0	0	0
Naglu	505.500000	1368	1412	253	0	0	0	0
Tecpr1	499.166667	954	1341	700	0	0	0	0
Snx18	492.500000	526	592	1837	0	0	0	0
Tomt	490.500000	1278	1255	410	0	0	0	0
Lamtor1	490.500000	1278	1255	410	0	0	0	0
Cdk2	488.833333	1212	1721	0	0	0	0	154
Trpm1	488.333333	1236	1694	0	0	0	0	459
Dyrk1a	485.500000	1311	1119	483	0	0	0	0
Cd63	485.500000	1206	1244	463	0	0	0	0
Srsf2	484.166667	1305	1233	367	0	0	0	0
Mfsd11	484.166667	1305	1233	367	0	0	0	0
Cstf1	479.500000	623	359	1895	0	0	0	0
Aurka	479.500000	623	359	1895	0	0	0	0
Sde2	472.833333	1170	911	756	0	0	0	0
Atp6v1h	467.333333	1227	841	736	0	0	0	0
Mettl25	467.166667	286	228	2289	0	0	0	0
Ccdc59	467.166667	286	228	2289	0	0	0	0
Clcn7	467.000000	1105	1135	562	0	0	0	409
Zxdc	455.666667	1021	854	859	0	0	0	0
Bhlhe40	451.166667	1039	1049	619	0	0	0	0
AW549877	450.500000	1181	1087	435	0	0	0	0
Pmel	445.666667	1212	1462	0	0	0	0	0
Nampt	445.666667	972	1196	506	0	0	0	0
Ftl1	440.833333	1513	1035	97	0	0	0	0
Tsc1	440.666667	673	1154	817	0	0	0	0
Rab5b	438.333333	800	1721	109	0	0	0	0
Cox19	420.666667	0	0	2524	0	0	0	0
Trim50	419.333333	1252	1264	0	0	0	0	0
Fkbp6	419.333333	1252	1264	0	0	0	0	0
Atf4	417.666667	1171	917	418	0	0	0	0
Palb2	417.000000	0	0	2502	0	0	0	0
Dctn5	417.000000	0	0	2502	0	0	0	0
Top3a	415.833333	1005	1100	390	0	0	0	0
Smcr8	415.833333	1005	1100	390	0	0	0	0
Exoc2	415.000000	0	0	2490	0	0	0	0
Lonp1	413.333333	938	827	715	0	0	0	0
Catsperd	413.333333	938	827	715	0	0	0	0
Oasl1	409.500000	524	481	173	402	434	443	0
Mthfr	408.166667	1095	1085	269	0	0	0	0
Clcn6	408.166667	1095	1085	269	0	0	0	0
Srd5a3	407.500000	871	732	842	0	0	0	0
Phf23	407.500000	841	911	693	0	0	0	0
Gabarap	407.500000	841	911	693	0	0	0	0
Nup50	406.833333	1089	1049	303	0	0	0	0
Fnip2	403.000000	885	1139	394	0	0	0	0
Eps8	400.500000	485	1794	0	124	0	0	0
Tmem125	397.333333	894	727	120	140	247	256	0
Gng7	395.000000	1090	1280	0	0	0	0	0
Bace2	394.000000	936	1428	0	0	0	0	0
Mcoln1	388.833333	1082	945	306	0	0	0	0
Mbd6	388.833333	897	1181	255	0	0	0	0
Ddit3	388.833333	897	1181	255	0	0	0	0
B9d1	385.333333	935	929	448	0	0	0	0
Adnp	385.333333	692	568	1052	0	0	0	0
Ubc	383.166667	936	1000	363	0	0	0	0
Dnajc13	382.833333	1056	807	434	0	0	0	0
Mrps15	381.333333	0	0	2288	0	0	0	0
Slc5a6	378.666667	877	862	533	0	0	0	0
Atraid	378.666667	877	862	533	0	0	0	0
Washc2	378.166667	1094	871	304	0	0	0	0
Zfp91	373.500000	465	583	332	328	233	300	0
Lpxn	373.500000	465	583	332	328	233	300	0
Rbsn	369.166667	279	220	1716	0	0	0	0
Repin1	369.000000	925	1147	142	0	0	0	0
Gm5111	369.000000	925	1147	142	0	0	0	0
Dct	367.500000	819	1386	0	0	0	0	171
Atxn3	367.166667	914	921	368	0	0	0	0
Dph2	366.833333	766	979	456	0	0	0	0
B4galt2	366.833333	766	979	456	0	0	0	0
Atp6v0b	366.833333	766	979	456	0	0	0	0
Jtb	366.000000	934	746	516	0	0	0	0
Washc5	365.666667	1045	827	322	0	0	0	0
Nsmce2	365.666667	1045	827	322	0	0	0	0
Hpgds	365.666667	459	1341	277	117	0	0	0
Vat1	365.166667	668	860	663	0	0	0	0
Rnd2	365.166667	668	860	663	0	0	0	0
Hnrnpf	363.166667	890	851	438	0	0	0	0
Gne	362.666667	115	149	1912	0	0	0	0
Mt1	361.000000	638	541	987	0	0	0	0
Rpl22	359.666667	73	0	2085	0	0	0	0
Pomt1	359.333333	0	0	2156	0	0	0	0
Kdm8	358.000000	0	0	2148	0	0	0	0
Pltp	356.500000	0	0	0	880	675	584	0
Art5	356.500000	804	1335	0	0	0	0	0
Art1	356.500000	804	1335	0	0	0	0	0
Gmfb	355.500000	893	546	694	0	0	0	0
Zmym6	354.666667	1027	762	339	0	0	0	0
Dusp6	351.666667	1174	813	123	0	0	0	0
Mfsd1	347.333333	992	682	410	0	0	0	0
Rbks	347.166667	206	1706	171	0	0	0	0
Babam2	347.166667	206	1706	171	0	0	0	0
Pih1d1	345.333333	785	619	668	0	0	0	0
Aldh16a1	345.333333	785	619	668	0	0	0	0
Flcn	345.000000	741	512	817	0	0	0	0
Rbm48	336.166667	365	258	1394	0	0	0	0
Pex1	336.166667	365	258	1394	0	0	0	0
Insc	334.500000	1011	996	0	0	0	0	0
Stx4a	333.833333	555	701	747	0	0	0	0
Kpna1	332.833333	443	519	0	276	379	380	0
Gpnmb	331.833333	791	1200	0	0	0	0	222
Ctdp1	331.000000	829	757	400	0	0	0	0
Hoga1	330.833333	704	721	560	0	0	0	0
Cops7a	329.166667	922	964	89	0	0	0	0
Rab7	328.833333	1004	680	289	0	0	0	0
Cd302	323.000000	0	0	0	918	525	495	0
Mlph	319.166667	678	1001	236	0	0	0	0
Agk	318.333333	766	619	525	0	0	0	0
Slmap	318.166667	791	810	308	0	0	0	0
Ppm1h	317.833333	585	804	352	166	0	0	0
Slc39a10	317.166667	0	142	335	552	440	434	0
Xpnpep3	316.166667	857	586	454	0	0	0	0
St13	316.166667	857	586	454	0	0	0	0
Thrap3	315.500000	993	608	292	0	0	0	0
Hps5	315.000000	811	830	249	0	0	0	0
Gtf2h1	315.000000	811	830	249	0	0	0	0
H2az1	314.500000	752	858	277	0	0	0	0
Dnajb14	314.500000	752	858	277	0	0	0	0
Tmem268	313.666667	768	1114	0	0	0	0	0
Crebrf	310.500000	774	767	322	0	0	0	0
Cdpf1	310.166667	494	1367	0	0	0	0	0
Phldb3	309.166667	207	1001	647	0	0	0	0
Slc36a1	307.166667	817	755	271	0	0	0	0
Ptpn23	307.000000	801	676	365	0	0	0	0
Hps1	305.500000	891	714	228	0	0	0	0
Vps13d	305.166667	0	0	1831	0	0	0	0
Pkd2l1	304.833333	627	1202	0	0	0	0	0
Tmem181a	304.666667	691	756	381	0	0	0	0
P2rx4	303.666667	486	587	749	0	0	0	0
Dennd4b	303.500000	522	720	579	0	0	0	0
Patl1	302.666667	603	939	274	0	0	0	0
Snrpb2	301.500000	0	0	1809	0	0	0	0
Vamp4	300.500000	0	168	1635	0	0	0	0
Ubn1	300.500000	626	769	408	0	0	0	0
Glyr1	300.500000	626	769	408	0	0	0	0
Gpr146	299.500000	807	736	254	0	0	0	0
Marchf9	299.166667	723	732	340	0	0	0	0
Cdk4	299.166667	723	732	340	0	0	0	0
Zfp507	298.500000	731	824	236	0	0	0	0
Camk2d	296.666667	1015	765	0	0	0	0	0
Hbp1	295.500000	639	620	514	0	0	0	0
Gipc1	295.500000	714	474	585	0	0	0	0
Rtn4rl1	295.000000	199	128	1443	0	0	0	0
Igsf8	295.000000	400	1108	146	0	116	0	0
Dph1	295.000000	199	128	1443	0	0	0	0
Asmt	294.833333	313	719	0	283	198	256	0
Dtnbp1	293.666667	765	872	125	0	0	0	0
Gtf2a1	292.333333	854	900	0	0	0	0	0
Cltc	289.166667	467	694	574	0	0	0	0
Ercc2	288.666667	0	0	1732	0	0	0	0
Uchl5	287.333333	752	613	359	0	0	0	0
Ro60	287.333333	752	613	359	0	0	0	0
Pdcd5	286.500000	0	0	1719	0	0	0	0
Lat2	285.666667	382	1010	322	0	0	0	0
Marchf8	285.500000	927	786	0	0	0	0	0
Tspan10	285.166667	552	931	228	0	0	0	0
Nploc4	285.166667	552	931	228	0	0	0	0
Bax	283.666667	634	891	177	0	0	0	0
Tmbim4	283.333333	0	0	1700	0	0	0	0
Tomm20	282.666667	614	805	277	0	0	0	0
Neu1	279.666667	695	647	336	0	0	0	0
Gaa	279.333333	661	542	473	0	0	0	0
Arl8a	277.666667	585	787	294	0	0	0	0
Tspan4	277.500000	872	572	221	0	0	0	0
Polr2l	277.500000	872	572	221	0	0	0	0
Klhdc4	275.500000	438	381	834	0	0	0	0
Zyx	275.000000	135	103	0	731	396	285	0
Car6	275.000000	425	649	0	215	135	226	0
Vamp5	274.500000	504	1143	0	0	0	0	0
Frg2f1	274.166667	696	678	271	0	0	0	0
Foxj3	274.166667	696	678	271	0	0	0	0
Ilf3	273.833333	582	793	268	0	0	0	0
Vmn2r102	273.500000	354	326	268	383	153	157	0
Proser1	273.166667	558	592	311	0	178	0	0
Nhlrc3	273.166667	558	592	311	0	178	0	0
Hmgxb4	271.833333	0	0	1631	0	0	0	0
Telo2	271.333333	676	775	177	0	0	0	0
Eif3a	271.000000	601	649	376	0	0	0	0
Rhbdd3	270.833333	588	612	425	0	0	0	0
Ewsr1	270.833333	588	612	425	0	0	0	0
Csrp1	270.500000	894	729	0	0	0	0	0
Ap1g1	270.500000	536	267	820	0	0	0	0
Pira6	269.500000	0	0	0	638	441	538	0
Ostm1	269.000000	693	534	387	0	0	0	0
Dpp7	268.666667	670	778	164	0	0	0	0
Tpp1	267.833333	794	813	0	0	0	0	0
Apoe	267.166667	899	704	0	0	0	0	0
Maf	266.166667	599	882	116	0	0	0	0
Tbc1d17	265.166667	559	556	476	0	0	0	0
Akt1s1	265.166667	559	556	476	0	0	0	0
Plscr1	264.333333	534	735	317	0	0	0	0
Avl9	264.166667	706	679	200	0	0	0	0
Prrt2	263.833333	796	641	146	0	0	0	0
Maz	263.833333	796	641	146	0	0	0	0
Rad51ap1	260.666667	190	560	292	132	123	267	0
D6Wsu163e	260.666667	190	560	292	132	123	267	0
Sema3b	260.333333	527	735	300	0	0	0	0
Cnpy3	259.333333	173	344	451	185	190	213	0
Uvrag	259.000000	646	730	178	0	0	0	0
Fan1	258.333333	0	0	1550	0	0	0	0
Mlst8	257.833333	0	0	1547	0	0	0	0
Adi1	257.333333	629	819	96	0	0	0	0
Parvb	257.166667	261	650	409	223	0	0	0
Fam90a1b	256.333333	600	648	290	0	0	0	0
Apoo	256.333333	600	648	290	0	0	0	0
Tex10	256.166667	685	475	377	0	0	0	0
Plekho2	255.666667	0	0	0	662	368	504	0
Ccdc91	255.333333	728	622	182	0	0	0	0
Sec24a	255.166667	579	551	401	0	0	0	0
Gfus	254.666667	434	545	549	0	0	0	0
Ccdc126	254.333333	764	552	210	0	0	0	0
Susd1	253.833333	0	0	0	614	473	436	0
Fadd	253.833333	434	924	165	0	0	0	0
Cstb	252.666667	601	569	346	0	0	0	0
Prxl2a	251.833333	492	513	506	0	0	0	0
Cnnm1	251.500000	635	874	0	0	0	0	0
Rab27a	250.833333	480	1025	0	0	0	0	413
Magi2	250.500000	663	840	0	0	0	0	0
Zfand5	249.333333	549	947	0	0	0	0	0
Slc18a1	249.333333	280	307	909	0	0	0	0
Atp6v1b2	249.333333	280	307	909	0	0	0	0
Mrpl44	248.833333	112	571	810	0	0	0	0
Morc2a	248.833333	503	533	457	0	0	0	0
Chmp6	248.666667	734	758	0	0	0	0	0
Sirpa	247.333333	429	890	165	0	0	0	0
Veph1	246.166667	1082	395	0	0	0	0	0
Snrpa1	245.333333	96	0	1376	0	0	0	0
Cdk15	245.166667	550	921	0	0	0	0	0
Gm829	244.666667	582	886	0	0	0	0	0
Pip4p1	244.500000	556	517	394	0	0	0	0
Napa	244.333333	516	744	206	0	0	0	0
Scamp3	244.166667	546	740	179	0	0	0	0
Ndufa5	244.000000	137	0	1327	0	0	0	0
Asb15	244.000000	137	0	1327	0	0	0	0
Mtg1	243.666667	395	356	711	0	0	0	0
Unk	241.166667	392	698	357	0	0	0	0
Hspa9	241.166667	210	199	149	287	227	375	0
Zfp346	240.666667	611	833	0	0	0	0	0
Nr1h4	239.333333	579	857	0	0	0	0	0
Rnh1	239.000000	241	978	215	0	0	0	0
Mmadhc	238.500000	0	0	1431	0	0	0	0
Trim63	238.333333	837	593	0	0	0	0	0
Rbm25	238.333333	411	477	542	0	0	0	0
Ptprs	238.166667	368	1061	0	0	0	0	0
Ppp1r10	237.666667	439	443	544	0	0	0	0
Mrps18b	237.666667	439	443	544	0	0	0	0
Tcea1	236.500000	0	0	1419	0	0	0	0
Smim14	235.833333	469	616	330	0	0	0	0
Ptp4a2	233.500000	401	417	583	0	0	0	0
Mef2d	233.500000	237	1041	123	0	0	0	0
Susd6	233.166667	466	507	426	0	0	0	0
Slc20a1	232.833333	169	181	219	337	259	232	0
Zfp219	232.666667	532	409	455	0	0	0	0
Tmem253	232.666667	532	409	455	0	0	0	0
Mtrex	230.833333	493	515	377	0	0	0	0
H2aw	230.833333	120	0	446	466	218	135	0
Dhx29	230.833333	493	515	377	0	0	0	0
Hdgf	230.333333	245	348	789	0	0	0	0
Ptp4a1	229.666667	365	877	136	0	0	0	0
Brd3os	229.666667	0	0	1378	0	0	0	0
Rpusd4	229.166667	425	319	184	144	167	136	0
Fam118b	229.166667	425	319	184	144	167	136	0
Sgip1	229.000000	695	679	0	0	0	0	0
Tmem185b	228.833333	620	468	285	0	0	0	0
Galm	228.833333	535	838	0	0	0	0	0
Dyrk1b	228.500000	560	644	167	0	0	0	0
Drd1	228.166667	526	709	134	0	0	0	0
Mknk2	227.833333	356	726	285	0	0	0	0
Hif1a	227.833333	628	610	129	0	0	0	0
Neil2	227.500000	513	852	0	0	0	0	0
Slc37a3	227.166667	400	420	543	0	0	0	0
Rab19	227.166667	400	420	543	0	0	0	0
Pla2g2e	226.333333	574	784	0	0	0	0	0
Cmtr2	226.000000	438	435	483	0	0	0	0
Ift88	225.666667	320	294	740	0	0	0	0
Psap	225.500000	340	234	139	266	196	178	0
Slc45a2	225.333333	486	866	0	0	0	0	435
Dbp	225.333333	464	619	269	0	0	0	0
H2-L	224.833333	365	443	0	145	221	175	0
H2-D1	224.833333	365	443	0	145	221	175	0
Zbtb40	224.000000	367	340	637	0	0	0	0
Fig4	224.000000	581	495	268	0	0	0	0
Ak9	224.000000	581	495	268	0	0	0	0
Faf1	223.333333	569	512	259	0	0	0	0
Wdfy1	223.166667	301	547	491	0	0	0	0
Rps28	223.166667	556	502	281	0	0	0	0
Ndufa7	223.166667	556	502	281	0	0	0	0
Eif2s1	222.833333	576	553	208	0	0	0	0
Atp6v1d	222.833333	576	553	208	0	0	0	0
Pbrm1	221.500000	597	537	195	0	0	0	0
Psmd3	220.500000	0	0	1323	0	0	0	0
Mtmr2	220.500000	242	844	237	0	0	0	0
Septin2	219.666667	447	326	545	0	0	0	0
Hdlbp	219.666667	447	326	545	0	0	0	0
Wdr66	219.500000	608	544	165	0	0	0	0
Anapc11	219.166667	395	409	511	0	0	0	0
Alyref	219.166667	395	409	511	0	0	0	0
Cd300lf	219.000000	0	0	0	346	601	367	0
Sorbs3	218.833333	497	816	0	0	0	0	0
Tex2	218.666667	0	0	1312	0	0	0	0
Nup188	218.333333	652	445	213	0	0	0	0
Kmt2e	218.333333	583	364	363	0	0	0	0
Dolk	218.333333	652	445	213	0	0	0	0
Zfp367	218.166667	553	470	286	0	0	0	0
Raf1	217.500000	176	153	976	0	0	0	0
Mc1r	216.833333	621	680	0	0	0	0	440
Tubb3	216.833333	621	680	0	0	0	0	0
Ambra1	216.500000	0	0	1299	0	0	0	0
Fcer1g	216.166667	0	166	331	361	212	227	0
Nagpa	216.000000	364	381	551	0	0	0	0
Eif2b3	214.166667	0	0	1285	0	0	0	0
Cipc	214.166667	513	434	338	0	0	0	0
Pld3	213.833333	528	418	337	0	0	0	0
2310022A10Rik	213.833333	528	418	337	0	0	0	0
Atp13a2	213.500000	346	441	494	0	0	0	0
Ddhd2	213.333333	399	715	166	0	0	0	0
Spns1	213.000000	511	521	246	0	0	0	0
Shmt1	211.833333	567	543	161	0	0	0	0
Tyrp1	211.666667	365	905	0	0	0	0	529
Shox2	211.500000	0	0	1269	0	0	0	0
Rsrc1	211.500000	0	0	1269	0	0	0	0
Orai3	211.500000	463	611	195	0	0	0	0
Btbd8	211.500000	502	371	396	0	0	0	0
Uckl1	211.000000	510	478	278	0	0	0	0
Rapsn	211.000000	779	487	0	0	0	0	0
Poldip3	210.666667	560	704	0	0	0	0	0
Hilpda	210.333333	319	699	244	0	0	0	0
Scly	210.166667	565	696	0	0	0	0	0
Ppp1r27	209.166667	352	747	156	0	0	0	0
Nop2	209.166667	552	403	300	0	0	0	0
Atp6v1g1	209.166667	417	554	284	0	0	0	0
Clta	207.333333	371	347	526	0	0	0	0
Pcna	206.833333	294	380	567	0	0	0	0
Imp4	206.500000	351	328	560	0	0	0	0
Ccdc115	206.500000	351	328	560	0	0	0	0
Spring1	206.166667	521	484	232	0	0	0	0
Rnft2	206.166667	521	484	232	0	0	0	0
Bin3	206.000000	0	876	0	105	142	113	0
Pira7	205.166667	0	0	0	445	441	345	0
Pira4	205.166667	0	0	0	445	441	345	0
Pira11	205.166667	0	0	0	445	441	345	0
Gm14548	205.166667	0	0	0	445	441	345	0
Picalm	205.000000	284	226	0	175	240	305	0
Mtfp1	203.833333	547	421	255	0	0	0	0
Atp11a	203.833333	467	756	0	0	0	0	0
Slc43a2	203.500000	0	0	0	585	306	330	0
Stx8	203.166667	361	446	412	0	0	0	0
Cfap52	203.166667	361	446	412	0	0	0	0
Pten	203.000000	373	337	337	171	0	0	0
Zfp316	202.833333	309	434	474	0	0	0	0
Dis3l2	202.666667	475	332	409	0	0	0	0
Washc1	202.333333	437	499	278	0	0	0	0
Pex14	201.666667	171	213	826	0	0	0	0
Dffa	201.666667	171	213	826	0	0	0	0
Lactb2	201.166667	413	691	103	0	0	0	0
Atp6v0d1	200.500000	497	272	434	0	0	0	0
Agrp	200.500000	497	272	434	0	0	0	0
Tox2	200.166667	0	0	1201	0	0	0	0
Vps29	199.833333	451	521	227	0	0	0	0
Rad9b	199.833333	451	521	227	0	0	0	0
Ptcd1	199.833333	0	0	1199	0	0	0	0
Cpsf4	199.833333	0	0	1199	0	0	0	0
Mtg2	199.500000	523	399	275	0	0	0	0
Thumpd2	199.333333	412	551	233	0	0	0	0
Gpr143	199.333333	524	672	0	0	0	0	0
Zfp62	199.166667	539	406	250	0	0	0	0
Prpf3	199.166667	493	544	158	0	0	0	0
Gid4	198.833333	548	424	221	0	0	0	0
Ankhd1	198.833333	375	192	626	0	0	0	0
Shpk	198.333333	523	532	135	0	0	0	0
Scarb2	198.333333	485	263	442	0	0	0	0
Ctns	198.333333	523	532	135	0	0	0	0
Wdr81	198.166667	489	493	207	0	0	0	0
Slc25a32	198.166667	498	457	234	0	0	0	0
Dcaf13	198.166667	498	457	234	0	0	0	0
Tmem191c	197.666667	602	584	0	0	0	0	0
Mrpl45	197.666667	385	389	412	0	0	0	0
Ankrd12	197.666667	332	467	387	0	0	0	0
Ctsd	197.500000	497	520	168	0	0	0	0
1810058I24Rik	197.000000	270	739	173	0	0	0	0
Alg1	196.833333	457	408	316	0	0	0	0
Rgs2	196.500000	117	283	0	216	283	280	0
Igf2r	196.333333	645	533	0	0	0	0	0
Dnaja3	195.833333	435	525	215	0	0	0	0
Coro7	195.833333	435	525	215	0	0	0	0
Ube2b	195.333333	415	757	0	0	0	0	0
Dnajc16	195.333333	497	312	363	0	0	0	0
Cdkl3	195.333333	415	757	0	0	0	0	0
Casp9	195.333333	497	312	363	0	0	0	0
Fabp12	195.000000	370	800	0	0	0	0	0
Wdr62	194.833333	276	578	315	0	0	0	0
Rusc2	194.166667	179	366	620	0	0	0	0
Hmox1	194.000000	472	488	204	0	0	0	0
Tfip11	192.833333	240	917	0	0	0	0	0
Commd8	192.666667	262	169	0	222	168	335	0
Chaf1b	192.166667	237	626	290	0	0	0	0
Wwp2	192.000000	402	483	267	0	0	0	0
Abhd12	192.000000	178	859	115	0	0	0	0
Ccdc22	191.500000	527	454	168	0	0	0	0
Cacna1f	191.500000	527	454	168	0	0	0	0
Heatr5a	191.166667	0	0	1147	0	0	0	0
Rabep1	191.000000	393	425	328	0	0	0	0
Ppp1r37	191.000000	544	602	0	0	0	0	0
Sumf1	190.666667	617	411	116	0	0	0	0
Slc38a7	190.666667	482	662	0	0	0	0	0
Serpinb12	190.666667	0	0	0	468	371	305	0
Ten1	189.666667	652	375	111	0	0	0	0
Hs1bp3	189.666667	362	291	485	0	0	0	0
Acox1	189.666667	652	375	111	0	0	0	0
Adgb	189.333333	237	899	0	0	0	0	0
Rbm15b	189.000000	433	386	315	0	0	0	0
Manf	189.000000	433	386	315	0	0	0	0
Gnpda1	188.833333	412	380	341	0	0	0	0
Atp6v1fnb	188.833333	408	516	209	0	0	0	0
Atp6v1f	188.833333	408	516	209	0	0	0	0
Nagk	188.666667	464	378	290	0	0	0	0
Znhit3	187.666667	0	0	1126	0	0	0	0
C2cd5	187.500000	152	117	856	0	0	0	0
Ahnak2	187.166667	334	487	302	0	0	0	0
Aga	187.166667	472	408	243	0	0	0	0
Rasgrp3	187.000000	441	313	0	206	162	0	0
Vps26c	186.833333	422	523	176	0	0	0	0
Setd5	186.500000	507	365	247	0	0	0	0
Zfp821	186.166667	226	262	629	0	0	0	0
Ist1	186.166667	226	262	629	0	0	0	0
Plxnd1	186.000000	340	776	0	0	0	0	0
Saysd1	185.833333	364	501	250	0	0	0	0
Cd53	185.833333	0	0	0	321	336	458	0
Gm5741	185.666667	437	368	309	0	0	0	0
Dhps	185.666667	437	368	309	0	0	0	0
Vps28	185.500000	0	0	1113	0	0	0	0
Eif1	185.500000	430	358	325	0	0	0	0
Sgms1	184.500000	656	451	0	0	0	0	0
Irak1bp1	184.000000	597	507	0	0	0	0	0
Mrgpre	183.833333	366	383	354	0	0	0	0
Retreg2	183.166667	547	368	184	0	0	0	0
Cnppd1	183.166667	547	368	184	0	0	0	0
Senp5	183.000000	372	454	272	0	0	0	0
Anxa4	183.000000	547	551	0	0	0	0	0
Kpna3	182.833333	411	434	252	0	0	0	0
Rnls	182.666667	511	329	256	0	0	0	0
Mien1	182.500000	332	431	332	0	0	0	0
Lrif1	182.500000	392	419	284	0	0	0	0
Dcp1b	182.166667	237	308	548	0	0	0	0
App	182.000000	532	560	0	0	0	0	0
Ankrd23	181.500000	530	559	0	0	0	0	0
Psen2	181.333333	0	181	0	342	257	308	0
Npat	181.166667	442	354	291	0	0	0	0
Atm	181.166667	442	354	291	0	0	0	0
Spsb2	181.000000	392	416	278	0	0	0	0
Matr3	181.000000	397	311	378	0	0	0	0
Bub1b	181.000000	414	411	261	0	0	0	0
Rcbtb1	180.833333	261	609	215	0	0	0	0
Ube2f	180.166667	212	571	298	0	0	0	0
Ccdc57	179.666667	267	245	566	0	0	0	0
Arl2	179.500000	648	276	153	0	0	0	0
Thbs3	179.333333	422	654	0	0	0	0	0
Olfr543	179.333333	329	747	0	0	0	0	0
Mtx1	179.333333	422	654	0	0	0	0	0
Myo7a	179.166667	479	596	0	0	0	0	0
Dusp3	179.166667	451	393	231	0	0	0	0
Coq10b	179.166667	0	1075	0	0	0	0	0
Cfap97d1	179.166667	451	393	231	0	0	0	0
Trappc8	178.833333	338	436	299	0	0	0	0
Ppfibp2	178.666667	241	435	396	0	0	0	0
Mnt	178.500000	433	524	114	0	0	0	0
Mapk1	178.333333	323	238	509	0	0	0	0
Dvl2	178.333333	412	456	202	0	0	0	0
Cfap20	178.166667	431	519	119	0	0	0	0
Snx15	178.000000	262	806	0	0	0	0	0
Rrn3	177.833333	421	474	172	0	0	0	0
Taf3	177.333333	0	0	1064	0	0	0	0
Taok3	176.333333	0	0	1058	0	0	0	0
Suds3	176.333333	0	0	1058	0	0	0	0
Nt5dc3	176.333333	228	338	492	0	0	0	0
Olfr1414	175.833333	0	1055	0	0	0	0	0
Arhgap30	175.833333	243	498	314	0	0	0	0
Mrps18a	175.500000	391	364	298	0	0	0	0
Mtmr3	175.333333	339	406	307	0	0	0	0
Tesmin	175.166667	397	396	258	0	0	0	0
Rmi1	175.166667	462	443	146	0	0	0	0
Hnrnpk	175.166667	462	443	146	0	0	0	0
Fam171b	175.166667	501	323	227	0	0	0	0
Mrps18c	174.333333	505	316	225	0	0	0	0
Krt80	174.333333	446	600	0	0	0	0	0
Helq	174.333333	505	316	225	0	0	0	0
Spg21	174.000000	307	348	389	0	0	0	0
Gatb	173.833333	340	274	429	0	0	0	0
Snx8	173.666667	328	456	258	0	0	0	0
Syngap1	173.166667	537	502	0	0	0	0	0
Cuta	173.166667	537	502	0	0	0	0	0
Clpp	173.000000	590	296	152	0	0	0	0
Slc3a2	172.666667	210	611	215	0	0	0	0
Lima1	172.666667	386	225	425	0	0	0	0
Nr4a3	172.500000	343	692	0	0	0	0	0
Canx	172.333333	398	426	210	0	0	0	0
Trpm7	172.166667	340	270	423	0	0	0	0
Nr1d2	172.166667	560	473	0	0	0	0	0
Usp31	171.833333	543	367	121	0	0	0	0
Tom1	171.833333	378	395	258	0	0	0	0
Ccnh	171.333333	500	408	120	0	0	0	0
Vps18	171.166667	316	293	418	0	0	0	0
Gm3448	171.166667	460	425	142	0	0	0	0
Gm3417	171.166667	460	425	142	0	0	0	0
9030025P20Rik	171.166667	460	425	142	0	0	0	0
Zfp408	170.833333	289	448	288	0	0	0	0
Arhgap1	170.833333	289	448	288	0	0	0	0
Abl1	170.666667	0	0	0	355	348	321	0
Cul5	169.666667	356	380	282	0	0	0	0
Ccnt1	169.666667	432	369	217	0	0	0	0
4930415O20Rik	169.666667	432	369	217	0	0	0	0
Bod1l	169.500000	437	374	206	0	0	0	0
Tmem167b	169.000000	0	0	1014	0	0	0	0
Olfr806	168.000000	0	0	0	291	396	321	0
Met	167.833333	252	755	0	0	0	0	0
Echs1	167.833333	367	224	416	0	0	0	0
Scx	167.500000	520	485	0	0	0	0	0
Atad2	167.166667	274	414	315	0	0	0	0
Uspl1	167.000000	279	0	723	0	0	0	0
Sytl2	167.000000	374	628	0	0	0	0	0
Degs1	167.000000	481	521	0	0	0	0	0
Adgre5	167.000000	174	217	449	162	0	0	0
Sgo1	166.000000	616	380	0	0	0	0	0
Snapin	165.833333	411	507	77	0	0	0	0
Tbc1d13	165.500000	315	249	429	0	0	0	0
Osbpl1a	165.333333	579	413	0	0	0	0	0
Card19	165.333333	113	285	594	0	0	0	0
Creb3l1	164.833333	0	0	989	0	0	0	0
Ttc32	164.666667	300	329	228	131	0	0	0
Ubxn6	164.500000	377	358	252	0	0	0	0
Rnf185	164.500000	319	414	254	0	0	0	0
Phf20	164.500000	420	399	168	0	0	0	0
Hdgfl2	164.500000	377	358	252	0	0	0	0
Adgrg1	164.500000	328	659	0	0	0	0	0
Lemd2	164.333333	251	735	0	0	0	0	0
Lmtk2	164.000000	350	634	0	0	0	0	0
Cpsf1	164.000000	131	175	678	0	0	0	0
AI413582	163.833333	314	294	375	0	0	0	0
Sbno2	163.500000	157	225	261	0	199	139	0
Gstt2	162.833333	395	582	0	0	0	0	0
Tiparp	162.666667	361	369	246	0	0	0	0
Cct8	162.666667	199	99	678	0	0	0	0
Hfe	162.166667	0	346	0	189	228	210	0
Pstpip2	162.000000	0	0	0	283	392	297	0
Erbin	161.833333	315	545	111	0	0	0	0
Atxn2	161.666667	376	275	319	0	0	0	0
Nbn	161.500000	304	486	179	0	0	0	0
A430005L14Rik	161.500000	308	486	175	0	0	0	0
Sirt3	161.333333	260	323	385	0	0	0	0
Psmd13	161.333333	260	323	385	0	0	0	0
Mllt10	161.333333	449	336	183	0	0	0	0
Coq8a	161.333333	248	720	0	0	0	0	0
Tmem106b	161.166667	466	369	132	0	0	0	0
Nepro	161.166667	415	324	228	0	0	0	0
Renbp	160.500000	334	487	142	0	0	0	0
Plek	160.500000	0	0	963	0	0	0	0
Ablim1	160.500000	177	671	115	0	0	0	0
Scamp2	160.333333	531	431	0	0	0	0	0
Cks2	160.333333	410	317	235	0	0	0	0
Bhlhe41	160.333333	424	538	0	0	0	0	0
Wiz	160.166667	0	0	961	0	0	0	0
Cst3	160.166667	0	0	0	307	367	287	0
Fbxo5	160.000000	413	368	179	0	0	0	0
Slf2	159.500000	270	428	259	0	0	0	0
Dctn6	159.500000	0	0	957	0	0	0	0
Utp15	159.333333	446	228	282	0	0	0	0
Hipk2	159.333333	0	0	833	123	0	0	0
Ankra2	159.333333	446	228	282	0	0	0	0
Mlana	159.166667	395	560	0	0	0	0	0
Dusp18	159.166667	375	280	300	0	0	0	0
4921536K21Rik	159.166667	375	280	300	0	0	0	0
Yars	158.833333	189	140	624	0	0	0	0
S100pbp	158.833333	189	140	624	0	0	0	0
Lsm12	158.666667	311	398	243	0	0	0	0
Gga2	158.666667	382	337	233	0	0	0	0
G6pc3	158.666667	311	398	243	0	0	0	0
Tmem9	158.166667	0	168	781	0	0	0	0
C1qbp	158.166667	337	356	256	0	0	0	0
Washc4	157.833333	396	432	119	0	0	0	0
Dhrs2	157.833333	142	805	0	0	0	0	0
Opa1	157.666667	125	83	738	0	0	0	0
Gba	157.666667	268	414	264	0	0	0	0
Rab5a	157.500000	432	315	198	0	0	0	0
Scrn1	157.166667	583	360	0	0	0	0	0
Gpx1	157.166667	194	186	0	209	187	167	0
Trmo	157.000000	444	498	0	0	0	0	0
Pdcd2	157.000000	499	215	228	0	0	0	0
Cdip1	156.833333	395	450	96	0	0	0	0
Vps72	155.833333	0	0	935	0	0	0	0
Snx5	155.833333	169	199	567	0	0	0	0
Pip5k1a	155.833333	0	0	935	0	0	0	0
Mgme1	155.833333	169	199	567	0	0	0	0
Khdrbs1	155.666667	488	249	197	0	0	0	0
Fnip1	155.500000	388	346	199	0	0	0	0
Rfc2	155.166667	0	0	931	0	0	0	0
Laptm4b	155.000000	578	352	0	0	0	0	0
Max	154.833333	391	356	182	0	0	0	0
Slc25a39	154.666667	254	323	351	0	0	0	0
Rapgef3	154.500000	445	482	0	0	0	0	0
Dpep2	154.166667	0	0	0	353	275	297	0
Ctsz	154.000000	445	479	0	0	0	0	0
Crybg3	153.833333	0	0	0	324	290	309	0
Tph1	153.666667	0	0	922	0	0	0	0
Mtdh	153.666667	338	363	221	0	0	0	0
Commd7	153.666667	395	341	186	0	0	0	0
Snn	153.166667	295	415	209	0	0	0	0
Lrmda	153.166667	292	280	347	0	0	0	0
Paqr6	152.833333	280	637	0	0	0	0	0
Ivns1abp	152.833333	349	568	0	0	0	0	0
Abca13	152.833333	521	396	0	0	0	0	0
Tanc2	152.666667	290	437	189	0	0	0	0
Lrrc8a	152.666667	389	336	191	0	0	0	0
Slc25a46	152.500000	459	215	241	0	0	0	0
Zfx	152.333333	326	278	310	0	0	0	0
Hic1	152.333333	127	351	436	0	0	0	0
Scaf1	152.166667	480	264	169	0	0	0	0
Rras	152.166667	480	264	169	0	0	0	0
H2-DMa	152.166667	314	480	119	0	0	0	0
Brd2	152.166667	314	480	119	0	0	0	0
Npm1	152.000000	388	299	225	0	0	0	0
Serac1	151.833333	397	344	170	0	0	0	0
Gtf2h5	151.833333	397	344	170	0	0	0	0
Usf2	151.333333	0	139	0	328	171	270	0
Ccar1	151.333333	494	244	170	0	0	0	0
Med28	151.166667	396	344	167	0	0	0	0
Tmed2	151.000000	267	323	316	0	0	0	0
Ralb	151.000000	430	324	152	0	0	0	0
Aatk	150.833333	325	367	213	0	0	0	0
Zbtb8os	150.666667	404	379	121	0	0	0	0
Rbbp4	150.666667	404	379	121	0	0	0	0
Mpv17	150.666667	269	501	134	0	0	0	0
Rlf	150.500000	429	339	135	0	0	0	0
Pmf1	150.333333	367	329	206	0	0	0	0
Mapk6	150.333333	290	358	254	0	0	0	0
C77080	150.333333	0	179	257	129	172	165	0
Impact	150.166667	135	458	308	0	0	0	0
Tpk1	150.000000	0	158	742	0	0	0	0
Cyp51	150.000000	331	441	128	0	0	0	0
Car14	149.833333	372	527	0	0	0	0	0
Grb2	149.666667	0	0	162	298	228	210	0
Abhd10	149.666667	407	491	0	0	0	0	0
Nr1d1	149.500000	462	435	0	0	0	0	0
Hexb	149.500000	351	376	170	0	0	0	0
Synpo	149.333333	413	483	0	0	0	0	0
Slc25a13	149.333333	360	536	0	0	0	0	0
Pdlim2	149.333333	0	0	0	392	233	271	0
Nudcd3	149.333333	269	348	279	0	0	0	0
Gins3	149.333333	0	0	896	0	0	0	0
Cyb5r2	149.333333	450	446	0	0	0	0	0
9930111J21Rik2	149.333333	0	0	0	333	278	285	0
Pirb	149.166667	0	0	0	331	277	287	0
Eif4g1	149.166667	353	393	149	0	0	0	0
Wwox	149.000000	0	0	0	188	391	315	0
Cflar	148.666667	360	532	0	0	0	0	0
6430548M08Rik	148.666667	420	308	164	0	0	0	0
Rpl30	148.000000	352	238	298	0	0	0	0
Glrb	147.833333	291	596	0	0	0	0	0
Rpp38	147.666667	282	442	162	0	0	0	0
Acbd7	147.666667	282	442	162	0	0	0	0
Twnk	147.500000	381	288	216	0	0	0	0
Mrpl43	147.500000	381	288	216	0	0	0	0
C5ar2	147.333333	0	0	177	380	177	150	0
Slc6a6	147.166667	377	337	169	0	0	0	0
Grpel2	147.166667	261	231	391	0	0	0	0
2210016L21Rik	146.833333	205	309	367	0	0	0	0
Map1lc3b	146.333333	226	248	404	0	0	0	0
Cebpd	146.000000	0	0	0	211	317	348	0
Stard3	145.833333	177	540	158	0	0	0	0
Nudt9	145.833333	342	378	155	0	0	0	0
Slc2a3	145.500000	387	486	0	0	0	0	0
Rab11fip3	145.333333	389	483	0	0	0	0	0
Fam50a	145.000000	405	465	0	0	0	0	0
Ahcyl2	145.000000	279	591	0	0	0	0	0
Snx3	144.833333	274	307	288	0	0	0	0
Odf2	144.833333	288	262	319	0	0	0	0
Sars	144.333333	273	428	165	0	0	0	0
Actb	144.333333	0	0	0	372	312	182	0
Slc35a5	144.166667	411	454	0	0	0	0	0
Atg3	144.166667	411	454	0	0	0	0	0
Hvcn1	144.000000	402	462	0	0	0	0	0
Tmem131	143.833333	473	390	0	0	0	0	0
Tcte3	143.500000	388	332	141	0	0	0	0
Gabarapl1	143.500000	333	528	0	0	0	0	0
P2rx7	143.333333	289	360	211	0	0	0	0
Agtrap	143.333333	420	440	0	0	0	0	0
Ddx55	143.166667	338	286	235	0	0	0	0
Lmna	143.000000	141	352	365	0	0	0	0
Pcbp1	142.666667	292	310	254	0	0	0	0
Coa7	142.666667	364	359	133	0	0	0	0
2610318N02Rik	142.666667	444	412	0	0	0	0	0
Cpeb1	142.500000	91	546	218	0	0	0	0
Ccnd1	142.500000	465	390	0	0	0	0	0
Irs1	142.333333	403	451	0	0	0	0	0
Rmnd1	142.166667	260	363	230	0	0	0	0
Rev3l	142.166667	0	0	853	0	0	0	0
Armt1	142.166667	260	363	230	0	0	0	0
Psmd8	142.000000	295	557	0	0	0	0	0
Atp6v1e1	142.000000	400	452	0	0	0	0	0
Psma1	141.833333	0	0	851	0	0	0	0
Pitrm1	141.833333	251	201	399	0	0	0	0
Ric1	141.666667	539	311	0	0	0	0	0
Havcr2	141.666667	0	135	715	0	0	0	0
Dmxl2	141.333333	372	476	0	0	0	0	0
Twf1	141.166667	387	460	0	0	0	0	0
Zswim9	141.000000	330	223	293	0	0	0	0
Lig1	141.000000	330	223	293	0	0	0	0
Pkm	140.500000	421	422	0	0	0	0	0
9930111J21Rik1	140.500000	0	0	0	333	278	232	0
Bmp10	140.333333	244	598	0	0	0	0	0
Myo5a	140.166667	293	415	133	0	0	0	0
Xpot	140.000000	363	247	230	0	0	0	0
Spag9	140.000000	0	414	426	0	0	0	0
Rhod	140.000000	455	385	0	0	0	0	0
Snx33	139.666667	363	475	0	0	0	0	0
Pdcd6ip	139.666667	343	294	201	0	0	0	0
Clns1a	139.666667	261	363	214	0	0	0	0
Akap11	139.666667	327	292	219	0	0	0	0
Sgpl1	139.500000	201	518	118	0	0	0	0
Mfsd5	139.500000	410	314	113	0	0	0	0
Micu1	139.166667	347	182	306	0	0	0	0
Il6ra	139.166667	0	143	148	237	132	175	0
Urgcp	138.833333	287	257	289	0	0	0	0
Sae1	138.833333	217	442	174	0	0	0	0
Rnase1	138.833333	308	525	0	0	0	0	0
Anxa1	138.833333	209	624	0	0	0	0	0
Srfbp1	138.500000	366	209	256	0	0	0	0
Pbdc1	138.500000	236	595	0	0	0	0	0
Otud1	138.333333	429	401	0	0	0	0	0
Tbc1d10a	138.166667	253	576	0	0	0	0	0
Rchy1	138.166667	504	194	131	0	0	0	0
Acyp1	138.166667	0	129	0	258	299	143	0
Ermard	138.000000	388	299	141	0	0	0	0
Tctex1d2	137.833333	340	268	219	0	0	0	0
Ilrun	137.666667	217	75	534	0	0	0	0
Abhd6	137.666667	0	0	0	192	280	354	0
Comt	137.500000	185	171	202	128	0	139	0
Tnfrsf12a	137.166667	144	511	168	0	0	0	0
Thoc6	137.166667	144	511	168	0	0	0	0
Swap70	137.166667	372	271	180	0	0	0	0
Il31ra	137.166667	380	330	0	0	113	0	0
Hcfc1r1	137.166667	144	511	168	0	0	0	0
Gm3435	137.166667	364	332	127	0	0	0	0
Fbxl18	137.166667	228	340	255	0	0	0	0
Srek1	137.000000	355	253	214	0	0	0	0
Mob1b	137.000000	382	335	105	0	0	0	0
Thumpd3	136.833333	314	281	226	0	0	0	0
Usp28	136.500000	287	277	255	0	0	0	0
Trim17	136.500000	0	0	0	466	218	135	0
H3f4	136.500000	0	0	0	466	218	135	0
Gm5431	136.500000	0	0	0	403	165	251	0
Aar2	136.500000	193	396	230	0	0	0	0
Srrm1	136.333333	181	264	373	0	0	0	0
Ptx4	136.333333	299	342	177	0	0	0	0
Fuca2	136.333333	225	442	151	0	0	0	0
Ccdc12	136.166667	0	121	696	0	0	0	0
Ttc37	135.833333	0	0	815	0	0	0	0
Kctd5	135.833333	214	309	292	0	0	0	0
Cldn6	135.833333	136	511	168	0	0	0	0
Arsk	135.833333	0	0	815	0	0	0	0
Pip4k2c	135.666667	314	321	179	0	0	0	0
Rab3gap2	135.333333	486	326	0	0	0	0	0
Pias4	135.166667	333	320	158	0	0	0	0
Arfgef2	135.166667	268	354	189	0	0	0	0
Tbcel	135.000000	364	299	147	0	0	0	0
Iqsec1	135.000000	360	450	0	0	0	0	0
Ccdc142	135.000000	257	261	292	0	0	0	0
Shc3	134.666667	161	197	450	0	0	0	0
Cfp	134.666667	0	0	154	234	201	219	0
Atf7ip	134.666667	529	279	0	0	0	0	0
Fbxo30	134.333333	387	250	169	0	0	0	0
Ccnl1	134.333333	365	441	0	0	0	0	0
1810013L24Rik	134.166667	372	248	185	0	0	0	0
Snca	134.000000	433	371	0	0	0	0	0
Dnph1	134.000000	459	345	0	0	0	0	0
Pdxk	133.666667	294	366	142	0	0	0	0
Arhgef37	133.333333	154	646	0	0	0	0	0
Ogfod3	133.166667	0	97	702	0	0	0	0
Hexdc	133.166667	0	97	702	0	0	0	0
Eef2k	133.166667	122	332	345	0	0	0	0
Cdk7	133.166667	161	266	372	0	0	0	0
Dgat1	132.833333	272	301	224	0	0	0	0
Oser1	132.666667	392	154	250	0	0	0	0
Gstm1	132.666667	216	358	222	0	0	0	0
Gm13030	132.666667	151	645	0	0	0	0	0
Rfesd	132.500000	241	335	219	0	0	0	0
Wdr12	132.333333	208	253	333	0	0	0	0
Snrpa	132.333333	171	385	0	238	0	0	0
Carf	132.333333	208	253	333	0	0	0	0
BC024978	132.333333	171	385	0	238	0	0	0
Wars2	132.000000	144	444	204	0	0	0	0
Trappc3	132.000000	258	200	334	0	0	0	0
Comtd1	132.000000	383	261	148	0	0	0	0
A430057M04Rik	132.000000	383	261	148	0	0	0	0
Irf9	131.833333	185	279	327	0	0	0	0
Itgb1bp1	131.500000	118	79	0	198	224	170	0
Cpsf3	131.500000	118	79	0	198	224	170	0
Supt16	131.333333	448	340	0	0	0	0	0
Smpdl3b	131.333333	0	0	0	411	180	197	0
Lrp8	131.333333	243	392	153	0	0	0	0
Klhdc2	131.333333	289	284	215	0	0	0	0
Tbc1d5	130.833333	387	254	144	0	0	0	0
Wbp2	130.666667	257	411	116	0	0	0	0
Macir	130.500000	0	0	0	312	243	228	0
Espl1	130.500000	277	363	143	0	0	0	0
Sik3	130.333333	213	399	170	0	0	0	0
Pafah1b2	130.333333	213	399	170	0	0	0	0
Cep128	130.166667	194	442	145	0	0	0	0
Pik3r6	129.833333	0	0	779	0	0	0	0
Phb	129.666667	202	383	193	0	0	0	0
Rai14	129.500000	360	417	0	0	0	0	0
Dusp4	129.500000	183	594	0	0	0	0	0
Stt3b	129.333333	276	239	261	0	0	0	0
Hsd17b12	129.333333	374	255	147	0	0	0	0
Cyth4	129.333333	0	0	0	300	185	291	0
Fgd2	129.000000	189	193	0	236	0	156	0
Tsc22d1	128.833333	154	344	275	0	0	0	0
Tatdn2	128.833333	0	618	155	0	0	0	0
Eif5	128.833333	175	110	488	0	0	0	0
Naa80	128.500000	0	771	0	0	0	0	0
Mff	128.500000	358	252	161	0	0	0	0
Hyal3	128.500000	0	771	0	0	0	0	0
Hyal1	128.500000	0	771	0	0	0	0	0
Oxct1	128.333333	171	369	230	0	0	0	0
Nabp1	128.333333	438	332	0	0	0	0	0
Slc39a13	128.166667	136	200	433	0	0	0	0
Vps16	128.000000	396	222	150	0	0	0	0
Pced1a	128.000000	396	222	150	0	0	0	0
Dusp2	128.000000	165	603	0	0	0	0	0
Astl	128.000000	165	603	0	0	0	0	0
Actr2	128.000000	141	83	106	0	277	161	0
Tnfaip3	127.833333	331	226	210	0	0	0	0
Ckap5	127.833333	246	417	104	0	0	0	0
Naa50	127.666667	172	383	211	0	0	0	0
Atp6v1a	127.666667	172	383	211	0	0	0	0
Slc25a36	127.000000	285	355	122	0	0	0	0
Fbxw5	127.000000	216	227	319	0	0	0	0
C8g	127.000000	216	227	319	0	0	0	0
Vps11	126.833333	385	269	107	0	0	0	0
Rragd	126.833333	254	388	119	0	0	0	0
Bpnt1	126.500000	230	529	0	0	0	0	0
Med17	126.333333	206	271	281	0	0	0	0
Oca2	126.166667	231	526	0	0	0	0	0
Josd2	126.166667	223	534	0	0	0	0	0
Ciart	125.500000	271	366	116	0	0	0	0
Lamtor3	125.000000	336	291	123	0	0	0	0
Rassf1	124.833333	173	96	0	181	121	178	0
Cd300lg	124.833333	249	352	148	0	0	0	0
Abcc5	124.833333	428	321	0	0	0	0	0
Lilr4b	124.500000	0	0	747	0	0	0	0
Trim37	124.333333	220	372	154	0	0	0	0
Slc31a1	124.333333	94	91	0	269	201	91	0
Fkbp15	124.333333	94	91	0	269	201	91	0
Chchd3	124.333333	215	232	299	0	0	0	0
Nsd3	124.166667	245	375	125	0	0	0	0
Lsm10	124.166667	245	285	215	0	0	0	0
Letm2	124.166667	245	375	125	0	0	0	0
Cln5	124.166667	169	186	390	0	0	0	0
Ttc16	124.000000	354	390	0	0	0	0	0
Tmem104	124.000000	245	272	227	0	0	0	0
Ptrh1	124.000000	354	390	0	0	0	0	0
Nat9	124.000000	245	272	227	0	0	0	0
Morf4l1	124.000000	311	279	154	0	0	0	0
Vps33a	123.833333	350	240	153	0	0	0	0
Dym	123.833333	392	238	113	0	0	0	0
Rorc	123.666667	577	165	0	0	0	0	0
Scpep1	123.500000	339	235	167	0	0	0	0
Rad50	123.500000	393	255	93	0	0	0	0
Ncbp2	123.500000	303	188	250	0	0	0	0
Mrpl12	123.500000	261	169	311	0	0	0	0
Crebl2	123.500000	335	307	99	0	0	0	0
0610012G03Rik	123.500000	303	188	250	0	0	0	0
Hmgcl	123.000000	314	424	0	0	0	0	0
Ogdh	122.833333	213	524	0	0	0	0	0
Coro1b	122.666667	259	189	288	0	0	0	0
Zswim8	122.500000	186	227	322	0	0	0	0
Rhof	122.500000	294	263	178	0	0	0	0
Nfx1	122.500000	323	209	203	0	0	0	0
Chchd1	122.500000	186	227	322	0	0	0	0
Tnni2	122.333333	0	0	0	353	208	173	0
Ppp1r13l	122.333333	140	0	0	189	237	168	0
Hscb	122.333333	212	317	205	0	0	0	0
Galc	122.333333	441	293	0	0	0	0	0
Ddx5	122.333333	351	235	148	0	0	0	0
Chek2	122.333333	212	317	205	0	0	0	0
Cep95	122.333333	351	235	148	0	0	0	0
Cd3eap	122.333333	140	0	0	189	237	168	0
Rad9a	122.166667	334	290	109	0	0	0	0
Wdr38	121.833333	238	342	151	0	0	0	0
Slc24a5	121.833333	346	385	0	0	0	0	0
Grap2	121.666667	0	0	0	295	235	200	0
Tnk2	121.500000	97	430	202	0	0	0	0
Tex33	121.500000	273	456	0	0	0	0	0
Dock11	121.333333	273	165	290	0	0	0	0
1700067K01Rik	121.333333	295	277	156	0	0	0	0
Ubald2	121.000000	235	289	202	0	0	0	0
Cnot4	121.000000	202	418	106	0	0	0	0
Ap5z1	120.833333	205	256	264	0	0	0	0
Asah1	120.500000	324	264	135	0	0	0	0
Wtap	120.000000	197	232	291	0	0	0	0
Itgb3	120.000000	143	298	279	0	0	0	0
B3galt5	120.000000	0	278	442	0	0	0	0
Poglut3	119.666667	280	262	176	0	0	0	0
Ttll11	119.500000	305	168	244	0	0	0	0
Tmem189	119.500000	288	272	157	0	0	0	0
Procr	119.500000	215	502	0	0	0	0	0
Rapgef4	119.333333	332	384	0	0	0	0	0
Hmgxb3	119.333333	152	123	441	0	0	0	0
Sytl3	119.166667	158	309	248	0	0	0	0
Slc16a1	119.166667	217	277	221	0	0	0	0
Rpusd2	119.166667	189	243	283	0	0	0	0
Rab22a	119.166667	201	325	189	0	0	0	0
Klf15	119.166667	366	349	0	0	0	0	0
Rab14	119.000000	0	0	0	210	264	240	0
Ssu72	118.833333	251	371	91	0	0	0	0
Ctsl	118.833333	351	362	0	0	0	0	0
Cdkn1b	118.666667	354	203	155	0	0	0	0
Scamp5	118.333333	0	0	244	183	118	165	0
Lrpprc	118.333333	279	153	278	0	0	0	0
Pira2	118.166667	0	0	0	344	161	204	0
Neurl2	118.000000	320	388	0	0	0	0	0
Mgat4b	118.000000	272	436	0	0	0	0	0
Ctsa	118.000000	320	388	0	0	0	0	0
Txnl4a	117.833333	218	228	261	0	0	0	0
Gm16286	117.833333	218	228	261	0	0	0	0
Eefsec	117.666667	0	414	292	0	0	0	0
Phykpl	117.500000	216	489	0	0	0	0	0
Ndel1	117.500000	293	272	140	0	0	0	0
Shtn1	117.333333	0	0	0	182	241	281	0
Mapk12	117.333333	389	315	0	0	0	0	0
H3c8	117.333333	0	0	0	311	232	161	0
H2bc9	117.333333	0	0	0	311	232	161	0
H2ac10	117.333333	0	0	0	311	232	161	0
Mtch1	117.166667	298	256	149	0	0	0	0
Dst	117.166667	0	360	0	203	140	0	0
Gstp1	117.000000	230	472	0	0	0	0	0
Cpeb4	116.833333	233	355	113	0	0	0	0
Cd164	116.833333	352	227	122	0	0	0	0
Avpi1	116.833333	217	484	0	0	0	0	0
Zc2hc1c	116.666667	0	0	0	258	299	143	0
Snap29	116.666667	235	246	219	0	0	0	0
Prdm4	116.666667	0	0	700	0	0	0	0
Pi4ka	116.666667	235	246	219	0	0	0	0
Ptdss2	116.500000	171	360	168	0	0	0	0
Lsm5	116.500000	0	0	699	0	0	0	0
Tmem251	116.333333	252	446	0	0	0	0	0
Moap1	116.333333	252	446	0	0	0	0	0
Ggnbp1	116.166667	208	338	0	151	0	0	0
Cystm1	116.166667	263	434	0	0	0	0	0
Rusc1	116.000000	363	333	0	0	0	0	0
Phospho1	116.000000	0	342	354	0	0	0	0
Mydgf	116.000000	263	259	174	0	0	0	0
Gm3776	115.833333	261	434	0	0	0	0	0
Dbi	115.833333	177	518	0	0	0	0	0
Cpa3	115.833333	0	0	695	0	0	0	0
Rnf14	115.666667	165	246	283	0	0	0	0
Pisd	115.666667	146	143	405	0	0	0	0
Pik3c2a	115.666667	0	0	0	197	223	274	0
Pet117	115.500000	0	81	612	0	0	0	0
Kat14	115.500000	0	81	612	0	0	0	0
Gpi1	115.500000	246	198	249	0	0	0	0
Prkcd	114.833333	359	330	0	0	0	0	0
Klf3	114.833333	396	293	0	0	0	0	0
Gtf2ird2	114.833333	287	211	191	0	0	0	0
Fbrs	114.833333	276	207	206	0	0	0	0
Mccc1	114.666667	222	252	214	0	0	0	0
Lcorl	114.666667	190	352	146	0	0	0	0
Clcn5	114.666667	247	176	265	0	0	0	0
Ppm1l	114.500000	235	304	148	0	0	0	0
Dzip1	114.500000	238	449	0	0	0	0	0
Ccdc93	114.500000	336	351	0	0	0	0	0
Zfp292	113.833333	272	286	125	0	0	0	0
Nufip1	113.833333	227	335	121	0	0	0	0
Gpalpp1	113.833333	227	335	121	0	0	0	0
Gna13	113.833333	0	125	558	0	0	0	0
Rgl2	113.666667	91	207	384	0	0	0	0
Als2	113.666667	208	303	171	0	0	0	0
Epb41	113.333333	273	407	0	0	0	0	0
Camk1	113.333333	171	311	198	0	0	0	0
Apold1	113.333333	233	447	0	0	0	0	0
Ppt1	113.166667	324	183	172	0	0	0	0
Olfr983	113.166667	185	494	0	0	0	0	0
Nfyc	113.166667	171	508	0	0	0	0	0
Ncapg2	113.166667	279	260	140	0	0	0	0
Actn1	113.166667	303	376	0	0	0	0	0
Rab31	113.000000	261	269	148	0	0	0	0
Dffb	113.000000	0	0	678	0	0	0	0
Cep104	113.000000	0	0	678	0	0	0	0
Cc2d1b	113.000000	0	236	442	0	0	0	0
Tcf12	112.833333	188	489	0	0	0	0	0
Orai2	112.833333	285	277	115	0	0	0	0
Dhx40	112.666667	399	277	0	0	0	0	0
D10Wsu102e	112.666667	171	139	366	0	0	0	0
Aspscr1	112.666667	223	149	304	0	0	0	0
Surf2	112.500000	156	195	324	0	0	0	0
Surf1	112.500000	156	195	324	0	0	0	0
Ropn1l	112.500000	293	243	139	0	0	0	0
Nmnat3	112.500000	433	242	0	0	0	0	0
Mtch2	112.500000	191	201	283	0	0	0	0
Mbnl1	112.500000	0	0	241	204	121	109	0
Laptm4a	112.500000	274	401	0	0	0	0	0
Ubb	112.333333	174	335	165	0	0	0	0
Cracr2a	112.333333	162	232	280	0	0	0	0
Tbc1d14	112.166667	132	0	541	0	0	0	0
Mia2	112.166667	192	142	140	199	0	0	0
Ggact	112.166667	242	312	119	0	0	0	0
Dgkh	112.166667	277	396	0	0	0	0	0
Osgep	111.833333	416	255	0	0	0	0	0
Map2k5	111.833333	270	197	204	0	0	0	0
L3mbtl2	111.833333	199	472	0	0	0	0	0
Apex1	111.833333	416	255	0	0	0	0	0
Sugt1	111.666667	320	150	200	0	0	0	0
Spry1	111.666667	358	312	0	0	0	0	0
Rbbp6	111.666667	294	251	125	0	0	0	0
Lamtor5	111.666667	405	265	0	0	0	0	0
Sec16a	111.500000	128	0	541	0	0	0	0
Ankdd1a	111.500000	161	279	229	0	0	0	0
Kras	111.166667	0	0	667	0	0	0	0
Gdf15	111.166667	230	293	144	0	0	0	0
Galk2	111.166667	195	193	279	0	0	0	0
2210010C04Rik	111.166667	227	440	0	0	0	0	0
Rps9	111.000000	0	0	238	141	170	117	0
Ptma	110.833333	241	262	162	0	0	0	0
Smndc1	110.666667	285	260	119	0	0	0	0
Pdcd2l	110.666667	228	254	182	0	0	0	0
Id2	110.666667	222	247	195	0	0	0	0
Vma21	110.333333	336	326	0	0	0	0	0
Noct	110.333333	207	188	267	0	0	0	0
Fam187a	110.333333	195	467	0	0	0	0	0
Eftud2	110.333333	195	467	0	0	0	0	0
Ccdc103	110.333333	195	467	0	0	0	0	0
Atp6v0e	110.333333	374	288	0	0	0	0	0
Fam76a	110.000000	156	198	306	0	0	0	0
Eef2kmt	110.000000	217	271	172	0	0	0	0
Pex16	109.833333	0	0	659	0	0	0	0
Nek4	109.833333	187	166	306	0	0	0	0
Large2	109.833333	0	0	659	0	0	0	0
Asxl2	109.833333	218	304	137	0	0	0	0
Mroh1	109.666667	235	302	121	0	0	0	0
Bahcc1	109.666667	342	316	0	0	0	0	0
Laptm5	109.500000	0	0	430	227	0	0	0
Zgpat	109.333333	126	288	242	0	0	0	0
Zfyve26	109.333333	272	384	0	0	0	0	0
Strn4	109.333333	0	0	0	264	184	208	0
Rad51b	109.333333	272	384	0	0	0	0	0
Gusb	109.333333	247	235	174	0	0	0	0
Fkrp	109.333333	0	0	0	264	184	208	0
Arfrp1	109.333333	126	288	242	0	0	0	0
Akt2	109.333333	408	248	0	0	0	0	0
Slc38a1	109.166667	160	495	0	0	0	0	0
Smarcd1	109.000000	144	510	0	0	0	0	0
Rnf213	109.000000	270	242	142	0	0	0	0
Pde10a	109.000000	0	654	0	0	0	0	0
Rmnd5b	108.833333	80	145	428	0	0	0	0
Zzz3	108.666667	242	194	216	0	0	0	0
Tsr3	108.666667	256	396	0	0	0	0	0
Tpsg1	108.666667	0	0	652	0	0	0	0
Tpsb2	108.666667	0	0	652	0	0	0	0
Rrs1	108.666667	213	439	0	0	0	0	0
Gnptg	108.666667	256	396	0	0	0	0	0
Adhfe1	108.666667	213	439	0	0	0	0	0
Zfp36l2	108.500000	234	173	244	0	0	0	0
Sec23ip	108.500000	289	221	141	0	0	0	0
Mcmbp	108.500000	289	221	141	0	0	0	0
Rxfp4	108.333333	0	140	0	303	207	0	0
Chd3	108.333333	214	222	214	0	0	0	0
Hmga1b	108.166667	271	244	134	0	0	0	0
Hmga1	108.166667	271	244	134	0	0	0	0
Fam166c	108.166667	192	457	0	0	0	0	0
Ubxn1	107.833333	247	223	177	0	0	0	0
Pip5k1c	107.833333	151	190	306	0	0	0	0
Nup54	107.833333	0	176	471	0	0	0	0
Ank2	107.833333	305	342	0	0	0	0	0
Surf6	107.666667	95	0	551	0	0	0	0
Ptpn2	107.500000	0	0	645	0	0	0	0
Serf2	107.333333	411	233	0	0	0	0	0
Ndufs8	107.333333	0	426	0	218	0	0	0
Prmt3	107.166667	306	337	0	0	0	0	0
Pcmtd1	107.166667	235	134	274	0	0	0	0
Myadm	107.166667	221	422	0	0	0	0	0
Ldb1	107.166667	248	395	0	0	0	0	0
Insig1	107.000000	147	495	0	0	0	0	0
Rnasel	106.500000	212	208	219	0	0	0	0
Rab17	106.500000	157	482	0	0	0	0	0
Togaram1	106.333333	275	241	122	0	0	0	0
Neurl1a	106.333333	0	243	0	174	221	0	0
Klhl28	106.333333	275	241	122	0	0	0	0
Rxra	106.166667	281	356	0	0	0	0	0
Zfp764	106.000000	218	265	153	0	0	0	0
Bnip1	106.000000	228	182	226	0	0	0	0
Rab3il1	105.500000	363	270	0	0	0	0	0
Rab24	105.500000	281	172	0	180	0	0	0
Prelid1	105.500000	281	172	0	180	0	0	0
Dpy19l4	105.500000	0	267	366	0	0	0	0
Vps35	105.333333	190	230	212	0	0	0	0
Pik3cg	105.333333	0	0	0	250	219	163	0
Orc6	105.333333	190	230	212	0	0	0	0
Lmbrd1	105.333333	215	285	132	0	0	0	0
Nfam1	105.000000	0	0	121	181	156	172	0
Uts2b	104.833333	0	0	0	176	222	231	0
Sh3bp2	104.833333	242	387	0	0	0	0	0
Cpeb2	104.833333	457	172	0	0	0	0	0
Sdc4	104.666667	152	134	342	0	0	0	0
Selenow	104.333333	182	232	212	0	0	0	0
Rho	104.333333	262	364	0	0	0	0	0
Mrpl39	104.333333	151	240	235	0	0	0	0
Tmf1	103.666667	247	375	0	0	0	0	0
Tmed10	103.666667	199	267	156	0	0	0	0
Htra2	103.666667	225	254	143	0	0	0	0
Dqx1	103.666667	225	254	143	0	0	0	0
Zfp729a	103.500000	356	265	0	0	0	0	0
Pheta2	103.500000	160	193	268	0	0	0	0
Mical3	103.500000	248	373	0	0	0	0	0
Klf16	103.500000	170	218	233	0	0	0	0
Cacul1	103.500000	373	248	0	0	0	0	0
Cpt1b	103.333333	262	264	94	0	0	0	0
Chkb	103.333333	262	264	94	0	0	0	0
Wls	103.166667	372	247	0	0	0	0	0
Pla2g6	103.166667	209	410	0	0	0	0	0
Vdac2	102.833333	280	337	0	0	0	0	0
Rpl34-ps1	102.833333	185	307	125	0	0	0	0
Rpl34	102.833333	185	307	125	0	0	0	0
Zbtb34	102.333333	283	331	0	0	0	0	0
Wdr41	102.333333	166	448	0	0	0	0	0
Diras1	102.333333	107	507	0	0	0	0	0
C2	102.333333	266	348	0	0	0	0	0
2210407C18Rik	102.333333	0	0	614	0	0	0	0
Slc31a2	102.166667	242	231	140	0	0	0	0
Rpl19	102.166667	266	162	185	0	0	0	0
Gng12	102.166667	224	389	0	0	0	0	0
Cacnb1	102.166667	266	162	185	0	0	0	0
Stx6	102.000000	318	294	0	0	0	0	0
Pira1	102.000000	0	0	0	394	218	0	0
Fam227b	102.000000	75	271	266	0	0	0	0
Dtwd1	102.000000	75	271	266	0	0	0	0
Cpne4	102.000000	192	420	0	0	0	0	0
Mrpl23	101.833333	200	323	88	0	0	0	0
Fam168b	101.833333	208	0	403	0	0	0	0
Cnnm2	101.833333	173	215	223	0	0	0	0
Usp38	101.500000	300	133	176	0	0	0	0
Yipf6	101.333333	149	0	459	0	0	0	0
Vgll4	101.333333	169	439	0	0	0	0	0
Plpbp	101.333333	164	197	247	0	0	0	0
Klf4	101.333333	309	299	0	0	0	0	0
Gsta1	101.166667	214	393	0	0	0	0	0
Gadd45g	101.166667	224	240	143	0	0	0	0
Dip2c	101.000000	163	443	0	0	0	0	0
Utp18	100.666667	266	338	0	0	0	0	0
Mbtd1	100.666667	266	338	0	0	0	0	0
Capg	100.666667	0	481	123	0	0	0	0
Trp53rkb	100.500000	0	0	603	0	0	0	0
Ipo13	100.500000	139	139	0	152	173	0	0
Rab32	100.333333	162	330	110	0	0	0	0
Alx1	100.333333	401	201	0	0	0	0	0
Eif3b	100.000000	155	252	193	0	0	0	0
Psmd9	99.833333	176	423	0	0	0	0	0
Fuca1	99.833333	0	0	0	241	177	181	0
Ttc25	99.500000	237	212	148	0	0	0	0
Slc27a6	99.333333	269	327	0	0	0	0	0
Sdr16c6	99.333333	0	0	0	265	186	145	0
Il3ra	99.333333	177	146	273	0	0	0	0
Epc1	99.333333	255	199	142	0	0	0	0
Qsox2	99.166667	282	212	101	0	0	0	0
Nolc1	99.166667	208	387	0	0	0	0	0
Ubxn4	99.000000	297	297	0	0	0	0	0
Fbxl3	99.000000	239	206	149	0	0	0	0
Tmem199	98.833333	380	213	0	0	0	0	0
Rab33b	98.833333	216	155	222	0	0	0	0
Poldip2	98.833333	380	213	0	0	0	0	0
Lrrc71	98.833333	230	363	0	0	0	0	0
Ubap2l	98.666667	237	187	168	0	0	0	0
Tfap4	98.666667	161	310	121	0	0	0	0
Nup205	98.666667	413	179	0	0	0	0	0
Gpatch3	98.666667	181	82	329	0	0	0	0
4933434E20Rik	98.666667	237	187	168	0	0	0	0
Ttc3	98.166667	199	256	134	0	0	0	0
Pigp	98.166667	199	256	134	0	0	0	0
Ppp1r15a	98.000000	151	437	0	0	0	0	0
Plekha4	98.000000	151	437	0	0	0	0	0
Dok5	98.000000	281	307	0	0	0	0	0
3110082I17Rik	98.000000	245	159	184	0	0	0	0
Supv3l1	97.833333	182	286	119	0	0	0	0
Ptgds	97.833333	244	343	0	0	0	0	0
Sdr16c5	97.666667	174	412	0	0	0	0	0
Rufy1	97.666667	324	262	0	0	0	0	0
Pdlim5	97.500000	139	0	0	242	204	0	0
Wasl	97.333333	256	169	159	0	0	0	0
Skap2	97.333333	289	206	0	89	0	0	0
Pianp	97.333333	146	438	0	0	0	0	0
Pgap2	97.333333	199	196	189	0	0	0	0
Nup98	97.333333	199	196	189	0	0	0	0
Atp6ap2	97.333333	226	176	182	0	0	0	0
Tnfrsf14	97.166667	0	0	0	177	249	157	0
Caprin2	97.166667	256	138	189	0	0	0	0
Dhx35	97.000000	259	182	141	0	0	0	0
Aacs	97.000000	282	187	113	0	0	0	0
Trmt1	96.833333	0	0	581	0	0	0	0
Slc66a1	96.833333	201	228	152	0	0	0	0
Nacc1	96.833333	0	0	581	0	0	0	0
Hk2	96.833333	245	336	0	0	0	0	0
Emp3	96.833333	106	203	272	0	0	0	0
Ccdc114	96.833333	106	203	272	0	0	0	0
Akr7a5	96.833333	201	228	152	0	0	0	0
Srrd	96.666667	0	430	150	0	0	0	0
Rsad1	96.666667	139	172	269	0	0	0	0
Hps4	96.666667	0	430	150	0	0	0	0
Gtf2i	96.500000	259	320	0	0	0	0	0
Eef1aknmt	96.500000	251	244	84	0	0	0	0
Ssbp1	96.166667	122	94	361	0	0	0	0
Trpc4ap	96.000000	159	417	0	0	0	0	0
Mdh1b	96.000000	131	321	124	0	0	0	0
Fastkd2	96.000000	131	321	124	0	0	0	0
Wdr7	95.833333	136	134	305	0	0	0	0
Tsku	95.833333	365	210	0	0	0	0	0
Tdp2	95.833333	160	311	104	0	0	0	0
Acot13	95.833333	160	311	104	0	0	0	0
Glmp	95.666667	242	332	0	0	0	0	0
Cnot8	95.500000	237	336	0	0	0	0	0
Slc26a11	95.333333	164	0	408	0	0	0	0
Sgsh	95.333333	164	0	408	0	0	0	0
Hat1	95.333333	257	198	117	0	0	0	0
Dync1li1	95.333333	0	572	0	0	0	0	0
Gas7	95.166667	103	203	82	183	0	0	0
Stmn1	95.000000	300	270	0	0	0	0	0
Mt2	95.000000	307	263	0	0	0	0	0
Kdm2b	95.000000	273	297	0	0	0	0	0
Csk	95.000000	158	201	211	0	0	0	0
Wdr6	94.833333	134	264	171	0	0	0	0
Mfsd6	94.833333	0	0	0	186	226	157	0
Cln3	94.833333	227	342	0	0	0	0	0
Apobr	94.833333	227	342	0	0	0	0	0
Prcp	94.666667	152	236	0	180	0	0	0
Mmp27	94.666667	0	248	320	0	0	0	0
Hspe1	94.666667	323	245	0	0	0	0	0
Hspd1	94.666667	323	245	0	0	0	0	0
Ddias	94.666667	152	236	0	180	0	0	0
Clcn4	94.666667	134	279	155	0	0	0	0
Cacna1c	94.666667	148	420	0	0	0	0	0
Apc	94.666667	283	285	0	0	0	0	0
Mvd	94.500000	0	0	567	0	0	0	0
Klf10	94.500000	200	202	165	0	0	0	0
Gas2	94.500000	207	171	189	0	0	0	0
Fancf	94.500000	207	171	189	0	0	0	0
Znfx1	94.333333	168	398	0	0	0	0	0
Prss56	94.333333	0	566	0	0	0	0	0
Hnrnpa3	94.333333	184	279	103	0	0	0	0
Rab27b	94.166667	0	0	565	0	0	0	0
Ppp1r15b	94.166667	140	301	124	0	0	0	0
Txndc16	94.000000	214	244	106	0	0	0	0
Nek2	94.000000	304	260	0	0	0	0	0
Gpr137c	94.000000	214	244	106	0	0	0	0
Stk11ip	93.833333	166	216	181	0	0	0	0
Ppp5c	93.833333	200	363	0	0	0	0	0
Cers6	93.833333	277	155	0	131	0	0	0
Pim3	93.500000	205	221	135	0	0	0	0
Lat	93.500000	0	0	561	0	0	0	0
Klhl22	93.500000	279	282	0	0	0	0	0
Car5a	93.500000	170	391	0	0	0	0	0
Birc2	93.333333	179	271	110	0	0	0	0
Mthfd1	93.166667	246	201	112	0	0	0	0
Man2b2	93.166667	230	219	110	0	0	0	0
Atic	93.166667	200	248	111	0	0	0	0
Adm	93.166667	206	353	0	0	0	0	0
Nfe2l2	93.000000	106	171	281	0	0	0	0
Ndufa6	92.833333	173	241	143	0	0	0	0
M6pr	92.833333	218	184	155	0	0	0	0
Csf2ra	92.833333	0	0	0	173	226	158	0
Nup210	92.666667	184	293	79	0	0	0	0
Ddx59	92.500000	172	383	0	0	0	0	0
Kdsr	92.333333	295	259	0	0	0	0	0
Fanca	92.333333	214	340	0	0	0	0	0
Zfp65	92.166667	255	298	0	0	0	0	0
Rida	92.166667	149	194	210	0	0	0	0
Pop1	92.166667	149	194	210	0	0	0	0
Timm44	92.000000	0	248	304	0	0	0	0
Plod1	92.000000	215	337	0	0	0	0	0
Meig1	92.000000	213	154	185	0	0	0	0
Fcho2	92.000000	235	169	148	0	0	0	0
Dclre1c	92.000000	213	154	185	0	0	0	0
2510039O18Rik	92.000000	215	337	0	0	0	0	0
Fbxw7	91.833333	130	260	161	0	0	0	0
Vav3	91.666667	0	0	0	220	98	232	0
Adcy7	91.666667	0	341	209	0	0	0	0
Naca	91.500000	182	190	177	0	0	0	0
Selenok	91.333333	289	259	0	0	0	0	0
Cic	91.333333	0	287	261	0	0	0	0
Wdsub1	91.166667	199	245	103	0	0	0	0
Vgf	91.166667	223	195	129	0	0	0	0
Vac14	91.166667	254	293	0	0	0	0	0
Slc39a1	91.166667	0	0	0	204	143	200	0
Hnrnpl	91.166667	149	135	263	0	0	0	0
Get4	91.166667	0	0	547	0	0	0	0
Eif4e	91.166667	194	179	174	0	0	0	0
Dgkd	91.166667	309	238	0	0	0	0	0
Pfkfb3	91.000000	350	196	0	0	0	0	0
Aadacl2fm1	91.000000	0	0	0	0	301	245	0
Rpl9	90.833333	120	0	425	0	0	0	0
Ptpa	90.833333	139	252	154	0	0	0	0
Lias	90.833333	120	0	425	0	0	0	0
Lhfpl2	90.833333	0	545	0	0	0	0	0
Crat	90.833333	139	252	154	0	0	0	0
Pla2g15	90.666667	0	0	544	0	0	0	0
Zfp318	90.333333	281	261	0	0	0	0	0
Ndst2	90.333333	0	0	542	0	0	0	0
Lonrf1	90.333333	160	382	0	0	0	0	0
Calr3	90.333333	335	207	0	0	0	0	0
Arhgap12	90.333333	276	161	105	0	0	0	0
1700030K09Rik	90.333333	335	207	0	0	0	0	0
Trim65	90.166667	147	160	234	0	0	0	0
Stag1	90.166667	370	171	0	0	0	0	0
Psme3	90.166667	171	241	129	0	0	0	0
Med13	90.166667	303	238	0	0	0	0	0
Ly96	90.166667	156	244	141	0	0	0	0
Ilvbl	90.166667	184	173	184	0	0	0	0
Snx12	90.000000	227	155	158	0	0	0	0
Sh3pxd2b	90.000000	0	268	272	0	0	0	0
Gpd2	90.000000	122	242	176	0	0	0	0
Phf7	89.833333	218	193	128	0	0	0	0
Bap1	89.833333	218	193	128	0	0	0	0
Akap10	89.833333	257	110	172	0	0	0	0
Snx30	89.666667	110	241	187	0	0	0	0
Slc22a4	89.666667	0	0	0	260	181	97	0
Pbld2	89.666667	151	227	160	0	0	0	0
Muc20	89.666667	0	0	0	351	187	0	0
Hnrnph3	89.666667	151	227	160	0	0	0	0
Tlr4	89.500000	0	193	139	102	0	103	0
Rasal2	89.500000	187	0	350	0	0	0	0
Ppp3r1	89.500000	188	176	173	0	0	0	0
Pcyt1a	89.500000	175	222	140	0	0	0	0
Chsy1	89.500000	173	227	137	0	0	0	0
Atg10	89.500000	356	181	0	0	0	0	0
Ap3d1	89.500000	163	192	182	0	0	0	0
Psmg3	89.333333	0	0	327	209	0	0	0
Bri3	89.333333	0	337	199	0	0	0	0
Ap5b1	89.166667	0	0	195	0	116	224	0
Suclg2	89.000000	233	301	0	0	0	0	0
Spsb4	89.000000	252	282	0	0	0	0	0
Map7d1	89.000000	0	200	334	0	0	0	0
Wdr91	88.833333	146	387	0	0	0	0	0
Mpdu1	88.833333	0	0	0	280	152	101	0
Ltbr	88.833333	277	256	0	0	0	0	0
Tlr6	88.666667	0	0	0	204	129	199	0
Slc25a28	88.666667	99	0	0	226	207	0	0
Septin9	88.666667	215	220	97	0	0	0	0
Tmem107	88.500000	172	252	107	0	0	0	0
Rwdd1	88.333333	127	0	403	0	0	0	0
S100a10	88.166667	0	0	371	158	0	0	0
Rif1	88.166667	0	0	529	0	0	0	0
Eaf2	88.166667	206	238	85	0	0	0	0
Bend6	88.166667	0	186	0	203	140	0	0
Rab21	88.000000	263	123	142	0	0	0	0
Rab1a	88.000000	154	374	0	0	0	0	0
Celf2	88.000000	0	262	0	0	109	157	0
Edf1	87.833333	126	249	152	0	0	0	0
Zranb2	87.666667	133	143	250	0	0	0	0
Taf8	87.666667	103	223	200	0	0	0	0
Rpl23a	87.666667	277	249	0	0	0	0	0
Rab34	87.666667	277	249	0	0	0	0	0
Proca1	87.666667	277	249	0	0	0	0	0
Plin2	87.666667	164	203	159	0	0	0	0
Grn	87.666667	113	413	0	0	0	0	0
Ccnd3	87.666667	103	223	200	0	0	0	0
Atg5	87.666667	144	243	139	0	0	0	0
Aftph	87.666667	0	0	0	158	212	156	0
Ttc21a	87.500000	349	176	0	0	0	0	0
Gorasp1	87.500000	349	176	0	0	0	0	0
Tmem19	87.333333	232	141	151	0	0	0	0
Arhgdia	87.333333	0	227	297	0	0	0	0
Pcnx4	87.166667	196	327	0	0	0	0	0
Yod1	87.000000	186	180	156	0	0	0	0
Pfkfb2	87.000000	186	180	156	0	0	0	0
Immt	87.000000	210	312	0	0	0	0	0
Drg2	87.000000	0	0	522	0	0	0	0
Dgat2	87.000000	125	77	0	196	124	0	0
Cds2	87.000000	169	353	0	0	0	0	0
Trmt5	86.833333	226	295	0	0	0	0	0
Sub1	86.833333	189	175	157	0	0	0	0
Slc38a6	86.833333	226	295	0	0	0	0	0
Sash1	86.833333	266	255	0	0	0	0	0
Tmco4	86.666667	162	358	0	0	0	0	0
Slc35c2	86.666667	192	125	203	0	0	0	0
Mrps31	86.666667	0	0	520	0	0	0	0
Kdm6b	86.666667	202	318	0	0	0	0	0
Sphk2	86.500000	171	0	180	0	168	0	0
Sema4d	86.500000	152	189	178	0	0	0	0
Rpl18	86.500000	171	0	180	0	168	0	0
Inpp5d	86.500000	0	0	0	182	202	135	0
Fam83e	86.500000	171	0	180	0	168	0	0
Arhgef2	86.500000	187	332	0	0	0	0	0
Hnrnpm	86.333333	313	205	0	0	0	0	0
Esr1	86.166667	0	0	0	0	285	232	0
Clec4n	86.166667	0	0	181	219	117	0	0
Rnasek	86.000000	169	347	0	0	0	0	0
Naga	86.000000	160	193	163	0	0	0	0
Mrps33	86.000000	230	286	0	0	0	0	0
Gdpgp1	86.000000	184	149	183	0	0	0	0
Cib1	86.000000	184	149	183	0	0	0	0
0610010K14Rik	86.000000	169	347	0	0	0	0	0
Ankar	85.833333	222	293	0	0	0	0	0
Vcan	85.666667	267	247	0	0	0	0	0
Topors	85.666667	192	214	108	0	0	0	0
Ss18l2	85.666667	142	372	0	0	0	0	0
Smim27	85.666667	192	214	108	0	0	0	0
Ddx3x	85.666667	256	258	0	0	0	0	0
Slc16a6	85.500000	0	0	0	155	174	184	0
Megf6	85.500000	186	327	0	0	0	0	0
Arsg	85.500000	0	0	0	155	174	184	0
Msmo1	85.333333	0	0	512	0	0	0	0
Mcm3	85.333333	110	197	205	0	0	0	0
Arsb	85.333333	301	211	0	0	0	0	0
Arhgef11	85.333333	217	295	0	0	0	0	0
Zfp729b	85.166667	191	213	107	0	0	0	0
Suz12	85.166667	196	140	175	0	0	0	0
Rnaseh2b	85.166667	296	215	0	0	0	0	0
Parp1	85.166667	197	146	168	0	0	0	0
Med11	85.166667	189	0	0	162	0	160	0
Fkbp9	85.166667	149	362	0	0	0	0	0
Rnf130	85.000000	159	351	0	0	0	0	0
Daglb	85.000000	169	192	149	0	0	0	0
Bcas2	85.000000	279	231	0	0	0	0	0
Acy1	85.000000	116	0	250	144	0	0	0
Ybx2	84.666667	0	0	0	163	174	171	0
Pard6a	84.666667	177	228	103	0	0	0	0
Ncl	84.666667	202	166	140	0	0	0	0
Acd	84.666667	177	228	103	0	0	0	0
Rpia	84.500000	239	268	0	0	0	0	0
Ip6k1	84.500000	197	185	125	0	0	0	0
Cep162	84.500000	102	292	113	0	0	0	0
Cdk5rap2	84.500000	105	402	0	0	0	0	0
Herpud2	84.333333	119	387	0	0	0	0	0
Fibp	84.333333	154	137	215	0	0	0	0
Ccdc85b	84.333333	154	137	215	0	0	0	0
Mrps2	84.166667	181	111	213	0	0	0	0
Mapk7	84.166667	128	193	0	184	0	0	0
Fbp2	84.166667	210	295	0	0	0	0	0
Arhgap9	84.166667	0	0	505	0	0	0	0
1700007K13Rik	84.166667	181	111	213	0	0	0	0
Zfp24	84.000000	100	404	0	0	0	0	0
Hspa4	83.833333	282	221	0	0	0	0	0
Vapa	83.666667	150	216	136	0	0	0	0
Usp32	83.666667	268	162	72	0	0	0	0
Abracl	83.666667	156	123	223	0	0	0	0
Ifitm5	83.500000	0	0	501	0	0	0	0
Acadl	83.500000	233	268	0	0	0	0	0
Ywhaq	83.333333	204	296	0	0	0	0	0
Prrc2b	83.166667	0	329	170	0	0	0	0
Ifrd1	83.166667	121	203	175	0	0	0	0
Cxcr3	83.166667	256	243	0	0	0	0	0
Ap2a1	83.166667	144	215	140	0	0	0	0
Zmynd12	83.000000	315	183	0	0	0	0	0
Ppcs	83.000000	315	183	0	0	0	0	0
Nktr	83.000000	153	210	135	0	0	0	0
Erlin2	83.000000	125	373	0	0	0	0	0
Trem2	82.833333	0	0	0	187	176	134	0
Rbm38	82.833333	153	183	161	0	0	0	0
Olfr460	82.833333	0	0	0	210	135	152	0
Mrpl2	82.833333	334	163	0	0	0	0	0
Klc4	82.833333	334	163	0	0	0	0	0
Filip1l	82.833333	0	0	0	356	0	141	0
Cul7	82.833333	334	163	0	0	0	0	0
Por	82.666667	0	164	0	0	165	167	0
Plagl1	82.666667	213	283	0	0	0	0	0
Msi2	82.666667	94	215	187	0	0	0	0
Asns	82.666667	257	239	0	0	0	0	0
Zc3h11a	82.500000	143	352	0	0	0	0	0
Zbed6	82.500000	143	352	0	0	0	0	0
Tmem256	82.500000	116	162	217	0	0	0	0
Spint1	82.500000	0	0	0	158	204	133	0
Rwdd3	82.500000	164	331	0	0	0	0	0
Ppp1r14d	82.500000	0	0	0	158	204	133	0
Nlgn2	82.500000	116	162	217	0	0	0	0
Mapkapk3	82.500000	184	154	157	0	0	0	0
Kmt2d	82.500000	200	101	194	0	0	0	0
Kif3a	82.500000	119	376	0	0	0	0	0
Eif4b	82.333333	285	209	0	0	0	0	0
Zcchc2	82.166667	156	234	103	0	0	0	0
Tmc8	82.166667	156	151	186	0	0	0	0
Tmc6	82.166667	156	151	186	0	0	0	0
Gatad2a	82.166667	164	329	0	0	0	0	0
Nudt16l1	82.000000	193	299	0	0	0	0	0
Capzb	82.000000	130	229	133	0	0	0	0
Nub1	81.833333	117	244	130	0	0	0	0
Dnajc27	81.833333	261	230	0	0	0	0	0
Ercc6l2	81.666667	156	145	189	0	0	0	0
Epb41l4a	81.666667	0	490	0	0	0	0	0
Ampd3	81.666667	0	0	0	171	174	145	0
Xrcc5	81.500000	0	489	0	0	0	0	0
Dus1l	81.500000	0	0	489	0	0	0	0
Ddx18	81.500000	157	95	237	0	0	0	0
Cyrib	81.500000	0	0	0	242	126	121	0
Kdm4b	81.333333	232	127	129	0	0	0	0
Vps41	81.166667	222	165	100	0	0	0	0
Tbkbp1	81.166667	282	205	0	0	0	0	0
Plcg1	81.166667	0	0	487	0	0	0	0
Vrk1	81.000000	117	272	0	97	0	0	0
Gp1ba	81.000000	0	0	486	0	0	0	0
Wdr35	80.833333	198	287	0	0	0	0	0
Slc39a6	80.833333	109	214	162	0	0	0	0
Rsl24d1	80.833333	243	242	0	0	0	0	0
Rps19bp1	80.833333	0	0	485	0	0	0	0
Igsf6	80.833333	0	0	0	288	0	197	0
Hook2	80.833333	139	183	163	0	0	0	0
Fbxo7	80.833333	147	218	120	0	0	0	0
Elp2	80.833333	109	214	162	0	0	0	0
Zeb2	80.666667	160	324	0	0	0	0	0
Ttll4	80.666667	301	183	0	0	0	0	0
Ptpn21	80.666667	152	125	207	0	0	0	0
Esco1	80.666667	223	169	92	0	0	0	0
Zfp984	80.500000	158	164	161	0	0	0	0
Wipf1	80.500000	0	0	202	281	0	0	0
Slc6a12	80.500000	0	0	124	0	148	211	0
Mtmr10	80.500000	187	149	147	0	0	0	0
Eif3l	80.500000	193	290	0	0	0	0	0
Srp19	80.333333	0	0	482	0	0	0	0
Ncald	80.333333	0	482	0	0	0	0	0
Hdac4	80.333333	232	250	0	0	0	0	0
Taf1d	80.166667	206	275	0	0	0	0	0
4931406C07Rik	80.166667	206	275	0	0	0	0	0
Pgf	80.000000	197	115	168	0	0	0	0
Fabp3	80.000000	233	247	0	0	0	0	0
Pank3	79.833333	326	153	0	0	0	0	0
Magi1	79.833333	265	214	0	0	0	0	0
Wdr5	79.666667	0	147	331	0	0	0	0
Sec11a	79.666667	0	478	0	0	0	0	0
Sdf4	79.500000	93	0	384	0	0	0	0
Isy1	79.500000	115	194	168	0	0	0	0
Hagh	79.500000	243	234	0	0	0	0	0
Glrx3	79.500000	178	153	146	0	0	0	0
Fahd1	79.500000	243	234	0	0	0	0	0
B3galt6	79.500000	93	0	384	0	0	0	0
Qtrt1	79.333333	161	171	144	0	0	0	0
Etnk1	79.333333	0	113	363	0	0	0	0
Eif5a2	79.333333	338	138	0	0	0	0	0
Ube2j2	79.000000	0	0	474	0	0	0	0
Dguok	79.000000	133	104	237	0	0	0	0
Cdk20	79.000000	206	268	0	0	0	0	0
Bms1	79.000000	184	152	138	0	0	0	0
Aatf	79.000000	153	151	170	0	0	0	0
Natd1	78.833333	216	257	0	0	0	0	0
Uba5	78.666667	0	0	472	0	0	0	0
Rbx1	78.666667	219	253	0	0	0	0	0
Lnpk	78.666667	273	199	0	0	0	0	0
Dcaf10	78.666667	0	0	472	0	0	0	0
Acad11	78.666667	0	0	472	0	0	0	0
Rmc1	78.500000	290	181	0	0	0	0	0
Mindy2	78.500000	0	276	195	0	0	0	0
Trmt12	78.333333	0	0	0	116	200	154	0
Smyd4	78.333333	260	210	0	0	0	0	0
Rpa1	78.333333	260	210	0	0	0	0	0
Stam	78.166667	167	302	0	0	0	0	0
Pabpc1	78.166667	187	282	0	0	0	0	0
Ccdc167	78.166667	261	208	0	0	0	0	0
Vps51	78.000000	0	0	310	158	0	0	0
Stat6	78.000000	242	226	0	0	0	0	0
Gnb2	78.000000	184	140	0	144	0	0	0
Pnrc2	77.833333	194	203	70	0	0	0	0
Pde6d	77.833333	0	0	467	0	0	0	0
Gjc3	77.833333	235	232	0	0	0	0	0
Cops7b	77.833333	0	0	467	0	0	0	0
Adar	77.833333	134	178	155	0	0	0	0
Wdfy2	77.333333	0	0	0	181	139	144	0
Pik3cd	77.333333	0	174	290	0	0	0	0
Csde1	77.333333	141	199	124	0	0	0	0
Cep170	77.333333	0	190	274	0	0	0	0
1190007I07Rik	77.333333	266	198	0	0	0	0	0
Snx1	77.166667	164	67	232	0	0	0	0
Smim38	77.166667	168	295	0	0	0	0	0
Clcc1	77.166667	0	0	463	0	0	0	0
Ciao2a	77.166667	164	67	232	0	0	0	0
Arsa	77.166667	227	138	98	0	0	0	0
Zkscan16	77.000000	0	0	462	0	0	0	0
Zfp422	77.000000	153	309	0	0	0	0	0
Scyl1	77.000000	225	125	112	0	0	0	0
Kctd14	77.000000	208	254	0	0	0	0	0
Bdh1	77.000000	219	243	0	0	0	0	0
Prkg1	76.833333	259	202	0	0	0	0	0
Nek6	76.833333	206	255	0	0	0	0	0
Zfp493	76.666667	137	323	0	0	0	0	0
Zfp131	76.666667	288	172	0	0	0	0	0
Txndc9	76.666667	129	110	221	0	0	0	0
Tut4	76.666667	0	460	0	0	0	0	0
Sil1	76.666667	211	131	118	0	0	0	0
Gbe1	76.666667	215	0	245	0	0	0	0
Eif5b	76.666667	129	110	221	0	0	0	0
Tet3	76.500000	0	0	0	294	0	165	0
Slc25a26	76.500000	240	219	0	0	0	0	0
Rbm19	76.500000	272	187	0	0	0	0	0
Klf2	76.500000	0	0	0	160	89	210	0
Ube2d3	76.333333	140	126	192	0	0	0	0
Thap7	76.333333	196	262	0	0	0	0	0
Sema4b	76.333333	218	240	0	0	0	0	0
Nckap1l	76.333333	0	0	0	135	148	175	0
Dcun1d4	76.333333	283	175	0	0	0	0	0
Kbtbd8	76.166667	264	193	0	0	0	0	0
Eps8l3	76.166667	238	219	0	0	0	0	0
Rbm3	76.000000	208	172	76	0	0	0	0
Manba	76.000000	0	126	330	0	0	0	0
Srp68	75.833333	183	272	0	0	0	0	0
Pfn1	75.833333	156	179	120	0	0	0	0
Lilrb4a	75.833333	0	0	455	0	0	0	0
Eno3	75.833333	156	179	120	0	0	0	0
Emb	75.833333	0	0	0	144	154	157	0
Aebp2	75.833333	0	234	221	0	0	0	0
Ube2v1	75.666667	0	454	0	0	0	0	0
Rnf13	75.666667	193	261	0	0	0	0	0
Prrc2c	75.666667	261	193	0	0	0	0	0
Wdr63	75.500000	0	453	0	0	0	0	0
Tmem222	75.500000	118	140	195	0	0	0	0
Nanp	75.500000	249	204	0	0	0	0	0
Tbc1d1	75.333333	0	0	452	0	0	0	0
Sgta	75.333333	300	152	0	0	0	0	0
Gns	75.333333	168	0	284	0	0	0	0
Myo1h	75.166667	127	324	0	0	0	0	0
Mafk	75.166667	164	181	106	0	0	0	0
Cfap298	75.166667	96	94	261	0	0	0	0
Rabgap1	75.000000	129	167	154	0	0	0	0
Phactr4	75.000000	149	164	137	0	0	0	0
Olfr906	75.000000	0	0	450	0	0	0	0
Camta1	74.833333	194	255	0	0	0	0	0
Ndufs7	74.666667	129	0	319	0	0	0	0
Krr1	74.666667	162	0	286	0	0	0	0
Ip6k3	74.666667	192	256	0	0	0	0	0
Hps3	74.666667	255	193	0	0	0	0	0
Cyp4f18	74.666667	0	0	0	299	149	0	0
Pepd	74.500000	254	193	0	0	0	0	0
Kctd9	74.500000	203	150	94	0	0	0	0
Ctbp2	74.500000	180	267	0	0	0	0	0
Cdca2	74.500000	203	150	94	0	0	0	0
Ube2t	74.333333	253	193	0	0	0	0	0
Gabarapl2	74.333333	155	291	0	0	0	0	0
Zfp788	74.166667	212	233	0	0	0	0	0
Nmnat1	74.166667	65	0	380	0	0	0	0
Lzic	74.166667	65	0	380	0	0	0	0
Gigyf2	74.166667	152	160	133	0	0	0	0
Cfl2	74.166667	287	158	0	0	0	0	0
Mrps23	74.000000	0	0	444	0	0	0	0
Klhdc10	74.000000	0	0	444	0	0	0	0
Dsn1	74.000000	167	156	121	0	0	0	0
Rnpep	73.833333	0	0	0	150	156	137	0
Pccb	73.833333	211	150	82	0	0	0	0
Lcn12	73.833333	216	227	0	0	0	0	0
Zfr	73.666667	139	113	190	0	0	0	0
Enpp5	73.666667	261	0	181	0	0	0	0
Urod	73.500000	235	206	0	0	0	0	0
Slc25a44	73.500000	207	234	0	0	0	0	0
Poli	73.500000	140	167	134	0	0	0	0
Hectd3	73.500000	235	206	0	0	0	0	0
U2af1	73.333333	244	196	0	0	0	0	0
Tbccd1	73.333333	99	257	84	0	0	0	0
Rmi2	73.333333	0	0	0	291	149	0	0
Olfr763	73.333333	0	0	440	0	0	0	0
Larp4	73.333333	280	160	0	0	0	0	0
Foxred2	73.333333	140	130	170	0	0	0	0
Dnajb11	73.333333	99	257	84	0	0	0	0
Clec1b	73.333333	135	305	0	0	0	0	0
Calhm6	73.333333	0	0	0	159	113	168	0
Abcf2	73.333333	178	262	0	0	0	0	0
2310057M21Rik	73.333333	255	185	0	0	0	0	0
Tmem41b	73.166667	132	202	105	0	0	0	0
Slx4ip	73.166667	102	188	149	0	0	0	0
Rnf157	73.166667	124	141	174	0	0	0	0
Mkks	73.166667	102	188	149	0	0	0	0
Col9a3	73.166667	120	319	0	0	0	0	0
Tm4sf19	73.000000	0	0	0	250	80	108	0
Rad54l2	73.000000	0	0	438	0	0	0	0
Zfp317	72.833333	148	137	152	0	0	0	0
Trub2	72.833333	153	284	0	0	0	0	0
Hmcn1	72.833333	174	263	0	0	0	0	0
Cst6	72.833333	148	289	0	0	0	0	0
Adssl1	72.833333	160	277	0	0	0	0	0
Edrf1	72.666667	147	107	182	0	0	0	0
Lrrn4cl	72.500000	236	199	0	0	0	0	0
Ifna13	72.500000	226	209	0	0	0	0	0
Fgd4	72.500000	184	251	0	0	0	0	0
Dusp12	72.500000	258	177	0	0	0	0	0
Smc6	72.333333	0	194	240	0	0	0	0
Sec62	72.333333	170	172	92	0	0	0	0
Rpl23	72.333333	143	160	131	0	0	0	0
Nup62	72.333333	187	247	0	0	0	0	0
Il4i1b	72.333333	187	247	0	0	0	0	0
Gen1	72.333333	0	194	240	0	0	0	0
C2cd2l	72.333333	204	230	0	0	0	0	0
Atf5	72.333333	187	247	0	0	0	0	0
Lss	72.166667	306	127	0	0	0	0	0
Timm8b	72.000000	192	120	120	0	0	0	0
Sdhd	72.000000	192	120	120	0	0	0	0
Rnf223	72.000000	142	290	0	0	0	0	0
Gpr137b	72.000000	205	227	0	0	0	0	0
Cox17	72.000000	245	187	0	0	0	0	0
Aebp1	72.000000	181	251	0	0	0	0	0
Scand1	71.833333	248	183	0	0	0	0	0
Coq9	71.833333	237	194	0	0	0	0	0
Cnbd2	71.833333	248	183	0	0	0	0	0
Ciapin1	71.833333	237	194	0	0	0	0	0
Otud7b	71.666667	245	185	0	0	0	0	0
Focad	71.666667	117	187	126	0	0	0	0
Cnpy2	71.666667	259	171	0	0	0	0	0
Clec4a3	71.666667	0	0	0	242	188	0	0
Gpr157	71.500000	162	267	0	0	0	0	0
Dmap1	71.500000	0	0	429	0	0	0	0
4930503B20Rik	71.500000	0	0	429	0	0	0	0
Ssbp4	71.333333	205	223	0	0	0	0	0
Sertad1	71.333333	0	191	237	0	0	0	0
Prrt1	71.333333	190	238	0	0	0	0	0
Ppt2	71.333333	190	238	0	0	0	0	0
Nudt19	71.333333	77	212	139	0	0	0	0
Cuedc2	71.333333	153	182	93	0	0	0	0
Wdr4	71.166667	188	239	0	0	0	0	0
Pabpc4	71.166667	138	178	111	0	0	0	0
Itprid2	71.166667	130	136	161	0	0	0	0
Vps50	71.000000	233	193	0	0	0	0	0
Tmem134	71.000000	0	0	426	0	0	0	0
Tcirg1	71.000000	0	426	0	0	0	0	0
Ppif	71.000000	233	193	0	0	0	0	0
Hepacam2	71.000000	233	193	0	0	0	0	0
Dkk4	71.000000	172	254	0	0	0	0	0
Dhx33	71.000000	128	160	138	0	0	0	0
Aip	71.000000	0	0	426	0	0	0	0
Plekha1	70.833333	162	117	146	0	0	0	0
Il1rl1	70.833333	0	0	425	0	0	0	0
Fam71f1	70.833333	94	331	0	0	0	0	0
Cox5a	70.833333	171	133	121	0	0	0	0
Calm1	70.833333	165	0	260	0	0	0	0
Bend3	70.833333	124	0	301	0	0	0	0
Aplf	70.833333	0	118	307	0	0	0	0
Sgtb	70.666667	188	236	0	0	0	0	0
Sdad1	70.666667	187	237	0	0	0	0	0
Nln	70.666667	188	236	0	0	0	0	0
Lgals3	70.666667	0	424	0	0	0	0	0
Ctsg	70.666667	0	0	424	0	0	0	0
Zcchc4	70.500000	0	423	0	0	0	0	0
Pole4	70.500000	201	222	0	0	0	0	0
Mnd1	70.500000	227	196	0	0	0	0	0
Zfp382	70.333333	174	135	113	0	0	0	0
Thoc1	70.333333	185	0	237	0	0	0	0
Pgd	70.333333	0	101	321	0	0	0	0
Limd1	70.333333	0	422	0	0	0	0	0
Etf1	70.333333	248	174	0	0	0	0	0
Derl1	70.333333	179	146	97	0	0	0	0
Ankrd45	70.333333	0	271	0	151	0	0	0
Adprh	70.333333	108	102	0	121	0	91	0
Zfp560	70.166667	117	0	304	0	0	0	0
Wnt9a	70.166667	280	141	0	0	0	0	0
Vps35l	70.166667	202	219	0	0	0	0	0
Rad1	70.166667	248	0	173	0	0	0	0
Brix1	70.166667	248	0	173	0	0	0	0
Bbs7	70.166667	178	243	0	0	0	0	0
Arap1	70.166667	0	0	421	0	0	0	0
Top1mt	70.000000	155	113	152	0	0	0	0
Ppp1r8	70.000000	157	172	91	0	0	0	0
Pcm1	70.000000	162	258	0	0	0	0	0
Ndufb3	70.000000	0	97	323	0	0	0	0
Lrfn4	70.000000	139	137	144	0	0	0	0
Gtf3c3	70.000000	0	0	420	0	0	0	0
Fubp3	70.000000	244	176	0	0	0	0	0
Fam126b	70.000000	0	97	323	0	0	0	0
Tmem186	69.833333	276	143	0	0	0	0	0
Pmm2	69.833333	276	143	0	0	0	0	0
Abcc8	69.833333	0	0	0	168	122	129	0
Pex12	69.666667	200	105	113	0	0	0	0
Ap2b1	69.666667	200	105	113	0	0	0	0
Tmem192	69.500000	244	173	0	0	0	0	0
Mterf1a	69.500000	222	195	0	0	0	0	0
Gzmb	69.500000	0	0	417	0	0	0	0
E2f1	69.500000	0	0	0	231	0	186	0
Tfrc	69.333333	172	131	113	0	0	0	0
Rcc2	69.333333	0	416	0	0	0	0	0
Mphosph10	69.333333	0	77	339	0	0	0	0
Mcee	69.333333	0	77	339	0	0	0	0
Epn1	69.333333	0	241	175	0	0	0	0
Atp8b3	69.166667	228	187	0	0	0	0	0
AA467197	69.166667	280	135	0	0	0	0	0
Spns2	69.000000	0	0	414	0	0	0	0
Lrrc14b	69.000000	249	165	0	0	0	0	0
Rtkn	68.833333	196	217	0	0	0	0	0
Otub1	68.833333	0	261	152	0	0	0	0
Orc4	68.833333	204	209	0	0	0	0	0
Mtmr14	68.833333	0	0	413	0	0	0	0
Mbd5	68.833333	204	209	0	0	0	0	0
Vpreb1	68.666667	166	0	246	0	0	0	0
Top3b	68.666667	166	0	246	0	0	0	0
Steap3	68.666667	0	110	160	142	0	0	0
Pkn2	68.666667	0	0	412	0	0	0	0
Kdm4c	68.666667	0	158	254	0	0	0	0
Fbxl5	68.666667	260	152	0	0	0	0	0
Anln	68.500000	197	214	0	0	0	0	0
9530077C05Rik	68.500000	197	214	0	0	0	0	0
Dnmt1	68.333333	0	0	410	0	0	0	0
Rlim	68.166667	124	145	140	0	0	0	0
Cyth1	68.166667	124	285	0	0	0	0	0
Chic1	68.166667	238	171	0	0	0	0	0
Ccl7	68.166667	0	0	409	0	0	0	0
Zfp296	68.000000	85	0	323	0	0	0	0
Ttc4	68.000000	0	0	408	0	0	0	0
Kif21a	68.000000	240	168	0	0	0	0	0
Gemin7	68.000000	85	0	323	0	0	0	0
Filip1	68.000000	180	228	0	0	0	0	0
Etfa	68.000000	173	235	0	0	0	0	0
Acp7	68.000000	113	295	0	0	0	0	0
Lrp12	67.833333	0	0	407	0	0	0	0
Gsto1	67.833333	260	147	0	0	0	0	0
Optn	67.666667	143	263	0	0	0	0	0
Tymp	67.500000	133	143	129	0	0	0	0
Sugp2	67.500000	113	137	155	0	0	0	0
Spata5	67.500000	136	140	129	0	0	0	0
Sco2	67.500000	133	143	129	0	0	0	0
Nudt6	67.500000	136	140	129	0	0	0	0
Armc6	67.500000	113	137	155	0	0	0	0
Tpra1	67.333333	238	166	0	0	0	0	0
Mfhas1	67.333333	0	209	195	0	0	0	0
Mcm2	67.333333	238	166	0	0	0	0	0
Kmt2c	67.166667	193	210	0	0	0	0	0
Homer1	67.166667	129	130	0	144	0	0	0
Taco1	67.000000	105	0	297	0	0	0	0
Selenoh	67.000000	208	106	88	0	0	0	0
Ppm1d	67.000000	121	123	158	0	0	0	0
Kif21b	67.000000	0	402	0	0	0	0	0
Zfp41	66.833333	156	106	139	0	0	0	0
Pum2	66.833333	181	220	0	0	0	0	0
Afap1l2	66.833333	0	401	0	0	0	0	0
Wbp4	66.666667	235	165	0	0	0	0	0
Tmem51	66.666667	146	254	0	0	0	0	0
Tatdn3	66.666667	0	0	400	0	0	0	0
Rbm28	66.666667	169	96	135	0	0	0	0
Ptch1	66.666667	261	139	0	0	0	0	0
Nsl1	66.666667	0	0	400	0	0	0	0
Lpin1	66.666667	151	249	0	0	0	0	0
Kidins220	66.666667	279	121	0	0	0	0	0
Exoc1	66.666667	215	185	0	0	0	0	0
Elf1	66.666667	235	165	0	0	0	0	0
Cldn3	66.666667	0	400	0	0	0	0	0
Pms1	66.500000	254	145	0	0	0	0	0
Ormdl1	66.500000	254	145	0	0	0	0	0
Msto1	66.500000	143	256	0	0	0	0	0
Nol8	66.333333	120	160	118	0	0	0	0
Cenpp	66.333333	120	160	118	0	0	0	0
Slc33a1	66.166667	124	105	168	0	0	0	0
Sh2b3	66.166667	0	0	225	0	0	172	0
Rrp1b	66.166667	143	115	139	0	0	0	0
Rap1gap	66.166667	199	198	0	0	0	0	0
Hsf2bp	66.166667	143	115	139	0	0	0	0
Nsfl1c	66.000000	0	0	396	0	0	0	0
Mesd	66.000000	0	259	137	0	0	0	0
Larp1	66.000000	236	160	0	0	0	0	0
Fam151a	66.000000	0	0	396	0	0	0	0
Asic3	66.000000	0	396	0	0	0	0	0
Angptl4	66.000000	93	190	113	0	0	0	0
Mettl1	65.833333	153	242	0	0	0	0	0
Jade2	65.833333	125	149	121	0	0	0	0
Insig2	65.833333	136	171	88	0	0	0	0
Eef1akmt3	65.833333	153	242	0	0	0	0	0
Bach1	65.833333	137	258	0	0	0	0	0
Tor1aip2	65.666667	146	102	146	0	0	0	0
Tor1aip1	65.666667	146	102	146	0	0	0	0
Sspn	65.666667	106	181	0	0	0	107	0
Ptpn3	65.666667	0	111	283	0	0	0	0
Ehhadh	65.666667	115	279	0	0	0	0	0
Depdc1b	65.666667	136	143	115	0	0	0	0
Adra1a	65.666667	0	0	0	159	0	235	0
Tuba4a	65.500000	204	189	0	0	0	0	0
Polr3b	65.500000	105	0	288	0	0	0	0
Gm45927	65.500000	161	107	125	0	0	0	0
Clk2	65.500000	161	107	125	0	0	0	0
Birc6	65.500000	109	195	89	0	0	0	0
Abraxas2	65.500000	0	0	0	189	204	0	0
A630095N17Rik	65.500000	204	189	0	0	0	0	0
Socs5	65.333333	180	212	0	0	0	0	0
Nat10	65.333333	220	172	0	0	0	0	0
Ipp	65.333333	215	177	0	0	0	0	0
Chmp2b	65.333333	225	167	0	0	0	0	0
Camk2g	65.333333	234	158	0	0	0	0	0
Wnt5b	65.166667	0	0	0	163	0	228	0
U2af2	65.166667	175	216	0	0	0	0	0
Slc17a4	65.166667	0	0	391	0	0	0	0
Qrich1	65.166667	0	0	391	0	0	0	0
Abca3	65.166667	188	203	0	0	0	0	0
Abca17	65.166667	188	203	0	0	0	0	0
Tec	65.000000	156	234	0	0	0	0	0
Strap	65.000000	243	147	0	0	0	0	0
Prlhr	65.000000	0	390	0	0	0	0	0
Kcne3	65.000000	0	0	390	0	0	0	0
Ccnyl1	65.000000	217	173	0	0	0	0	0
Rreb1	64.833333	150	0	239	0	0	0	0
Ninj1	64.833333	0	0	389	0	0	0	0
Spata25	64.666667	0	388	0	0	0	0	0
Dhdds	64.666667	201	187	0	0	0	0	0
Atp1b3	64.666667	242	146	0	0	0	0	0
Slc26a1	64.500000	264	123	0	0	0	0	0
Prkce	64.500000	155	232	0	0	0	0	0
Zfyve1	64.333333	249	137	0	0	0	0	0
Zfp943	64.333333	170	216	0	0	0	0	0
Zfp942	64.333333	170	216	0	0	0	0	0
Psen1	64.333333	184	202	0	0	0	0	0
Det1	64.333333	138	145	103	0	0	0	0
Commd4	64.333333	127	259	0	0	0	0	0
Cdc42bpb	64.333333	190	196	0	0	0	0	0
Stat3	64.166667	122	263	0	0	0	0	0
St3gal5	64.166667	165	220	0	0	0	0	0
Set	64.166667	266	119	0	0	0	0	0
Pip4p2	64.166667	0	179	206	0	0	0	0
Mterf4	64.166667	0	0	385	0	0	0	0
Ap3m2	64.166667	226	159	0	0	0	0	0
Prelid3a	64.000000	141	119	124	0	0	0	0
Mrpl1	64.000000	0	0	384	0	0	0	0
Lpar5	64.000000	0	91	176	117	0	0	0
Kif26b	64.000000	164	220	0	0	0	0	0
Tmem126b	63.833333	250	133	0	0	0	0	0
Bclaf1	63.833333	0	383	0	0	0	0	0
Tsr2	63.666667	0	0	382	0	0	0	0
Taf6l	63.666667	205	177	0	0	0	0	0
Nyx	63.666667	106	155	121	0	0	0	0
Ilkap	63.666667	205	177	0	0	0	0	0
Ddost	63.666667	0	0	382	0	0	0	0
Actg1	63.666667	217	165	0	0	0	0	0
Timm9	63.500000	0	235	146	0	0	0	0
Snx16	63.500000	216	165	0	0	0	0	0
Rps6ka2	63.500000	0	184	197	0	0	0	0
Rpl10a	63.500000	131	0	250	0	0	0	0
Arnt	63.500000	123	106	152	0	0	0	0
Akap1	63.500000	154	227	0	0	0	0	0
2700049A03Rik	63.500000	0	235	146	0	0	0	0
Rbm45	63.333333	0	176	204	0	0	0	0
Gtf2f1	63.333333	211	169	0	0	0	0	0
Fam110b	63.333333	0	154	226	0	0	0	0
Cbfa2t3	63.333333	0	0	380	0	0	0	0
Ano3	63.333333	0	380	0	0	0	0	0
Zfp455	63.166667	91	288	0	0	0	0	0
Nnt	63.166667	175	204	0	0	0	0	0
Mapk8ip1	63.166667	0	379	0	0	0	0	0
Ttyh2	63.000000	0	378	0	0	0	0	0
Ttr	63.000000	0	378	0	0	0	0	0
Trmt112	63.000000	0	122	0	0	256	0	0
Tmem126a	63.000000	206	0	172	0	0	0	0
Slc10a3	63.000000	168	210	0	0	0	0	0
Prdx5	63.000000	0	122	0	0	256	0	0
Pop7	63.000000	173	205	0	0	0	0	0
Mybphl	63.000000	168	210	0	0	0	0	0
Gm44504	63.000000	168	210	0	0	0	0	0
Slc48a1	62.833333	207	170	0	0	0	0	0
Sema7a	62.833333	116	261	0	0	0	0	0
Manbal	62.833333	109	0	112	156	0	0	0
Hr	62.833333	158	219	0	0	0	0	0
Csrnp2	62.833333	159	218	0	0	0	0	0
Asb6	62.666667	160	216	0	0	0	0	0
Phf24	62.500000	0	0	375	0	0	0	0
Nr6a1	62.500000	133	113	129	0	0	0	0
Mul1	62.500000	132	243	0	0	0	0	0
Gxylt2	62.500000	172	203	0	0	0	0	0
Got2	62.500000	214	161	0	0	0	0	0
Ccng2	62.500000	150	116	109	0	0	0	0
Sort1	62.333333	0	374	0	0	0	0	0
Ptk2b	62.333333	0	0	374	0	0	0	0
Xrn2	62.166667	106	99	168	0	0	0	0
Xpnpep1	62.000000	171	201	0	0	0	0	0
Tnrc6c	62.000000	209	163	0	0	0	0	0
Mitf	62.000000	0	372	0	0	0	0	0
Elmo1	62.000000	0	0	372	0	0	0	0
Slc37a1	61.833333	0	371	0	0	0	0	0
Lrrc24	61.833333	0	146	225	0	0	0	0
Jag1	61.833333	196	175	0	0	0	0	0
Ipo9	61.833333	176	195	0	0	0	0	0
Cela1	61.833333	102	134	135	0	0	0	0
Caprin1	61.833333	127	85	159	0	0	0	0
C030006K11Rik	61.833333	0	146	225	0	0	0	0
Atf7	61.833333	160	123	88	0	0	0	0
Abat	61.833333	168	203	0	0	0	0	0
Rbm43	61.666667	171	0	199	0	0	0	0
Mcts2	61.666667	180	190	0	0	0	0	0
Fndc3c1	61.666667	190	180	0	0	0	0	0
Aldh18a1	61.666667	164	0	206	0	0	0	0
Wdr90	61.500000	125	244	0	0	0	0	0
Stx16	61.500000	0	0	369	0	0	0	0
Pnkd	61.500000	226	143	0	0	0	0	0
Tanc1	61.333333	0	164	0	204	0	0	0
Sec61a2	61.333333	266	0	102	0	0	0	0
Hnrnpab	61.333333	227	141	0	0	0	0	0
Urb2	61.166667	0	0	367	0	0	0	0
Taf5l	61.166667	0	0	367	0	0	0	0
Rara	61.166667	158	127	82	0	0	0	0
Irf2bp2	61.166667	105	262	0	0	0	0	0
Hrc	61.166667	157	0	210	0	0	0	0
Fth1	61.166667	188	179	0	0	0	0	0
Zfp933	61.000000	0	187	179	0	0	0	0
Smyd3	61.000000	164	202	0	0	0	0	0
Pola2	60.833333	108	257	0	0	0	0	0
Pdp2	60.833333	220	145	0	0	0	0	0
Tbcd	60.666667	0	229	135	0	0	0	0
Ptrhd1	60.666667	148	216	0	0	0	0	0
Mrpl36	60.666667	143	221	0	0	0	0	0
Kifc5b	60.666667	207	157	0	0	0	0	0
Fam174c	60.666667	127	237	0	0	0	0	0
Cxcl11	60.666667	120	244	0	0	0	0	0
Cirbp	60.666667	127	237	0	0	0	0	0
Cenpo	60.666667	148	216	0	0	0	0	0
Satb2	60.500000	99	264	0	0	0	0	0
Pik3r2	60.500000	0	203	160	0	0	0	0
Metap1d	60.500000	205	158	0	0	0	0	0
Zfp143	60.333333	0	0	0	224	138	0	0
Serinc3	60.333333	0	0	362	0	0	0	0
Stat5b	60.166667	0	0	361	0	0	0	0
Rcor2	60.166667	193	0	168	0	0	0	0
Rad54l	60.166667	0	0	361	0	0	0	0
Mgrn1	60.166667	209	152	0	0	0	0	0
Gse1	60.166667	195	166	0	0	0	0	0
Cyp4v3	60.166667	0	0	0	194	0	167	0
Cd33	60.166667	0	0	361	0	0	0	0
Tob2	60.000000	110	250	0	0	0	0	0
Srsf3	60.000000	216	0	144	0	0	0	0
Fcrls	60.000000	0	0	0	198	0	162	0
Espn	60.000000	0	116	244	0	0	0	0
Denr	60.000000	0	0	360	0	0	0	0
Tmem258	59.833333	131	228	0	0	0	0	0
Rexo4	59.833333	0	0	359	0	0	0	0
Nptn	59.833333	224	135	0	0	0	0	0
Fen1	59.833333	131	228	0	0	0	0	0
Acat2	59.833333	214	145	0	0	0	0	0
Pcbp2	59.666667	111	146	101	0	0	0	0
Atrnl1	59.666667	0	0	0	223	135	0	0
Stx18	59.500000	0	0	357	0	0	0	0
Ranbp2	59.500000	0	193	164	0	0	0	0
Nckap1	59.500000	0	0	357	0	0	0	0
Mapre2	59.500000	201	156	0	0	0	0	0
Il12rb1	59.500000	0	185	172	0	0	0	0
Clec4a2	59.500000	0	0	0	0	224	133	0
Zc3h4	59.333333	211	0	145	0	0	0	0
Slfn14	59.333333	181	175	0	0	0	0	0
Irak2	59.333333	190	166	0	0	0	0	0
Hnrnpdl	59.333333	174	182	0	0	0	0	0
Enoph1	59.333333	174	182	0	0	0	0	0
Tes	59.166667	0	149	206	0	0	0	0
Serbp1	59.166667	258	97	0	0	0	0	0
Mfsd12	59.166667	0	0	86	0	97	172	0
Hrob	59.166667	97	258	0	0	0	0	0
Ero1a	59.166667	0	0	355	0	0	0	0
Tm7sf3	59.000000	107	247	0	0	0	0	0
Usp39	58.833333	239	114	0	0	0	0	0
Sar1b	58.833333	150	0	203	0	0	0	0
Ercc6l	58.833333	208	145	0	0	0	0	0
Atad5	58.833333	0	217	0	136	0	0	0
0610030E20Rik	58.833333	239	114	0	0	0	0	0
Reep5	58.666667	0	0	0	199	153	0	0
Polr3g	58.666667	116	139	97	0	0	0	0
Mblac2	58.666667	116	139	97	0	0	0	0
Tpp2	58.500000	193	158	0	0	0	0	0
Ndrg1	58.500000	182	169	0	0	0	0	0
Mrm1	58.500000	192	159	0	0	0	0	0
Tef	58.333333	142	208	0	0	0	0	0
Ptdss1	58.333333	145	205	0	0	0	0	0
Per1	58.333333	130	89	131	0	0	0	0
Mterf3	58.333333	145	205	0	0	0	0	0
Gfi1	58.333333	0	0	350	0	0	0	0
Eogt	58.333333	116	234	0	0	0	0	0
Txnip	58.166667	130	0	0	219	0	0	0
Tjp2	58.166667	127	222	0	0	0	0	0
Soat1	58.166667	129	220	0	0	0	0	0
Mcpt4	58.166667	0	0	349	0	0	0	0
Fcrl1	58.166667	0	0	0	185	164	0	0
Sppl2a	58.000000	0	150	198	0	0	0	0
Siah2	58.000000	0	156	192	0	0	0	0
Parp2	58.000000	194	154	0	0	0	0	0
Gm5767	58.000000	164	184	0	0	0	0	0
Rps11	57.833333	196	151	0	0	0	0	0
Rpl13a	57.833333	196	151	0	0	0	0	0
Gnpat	57.833333	147	105	95	0	0	0	0
Frrs1	57.833333	96	143	108	0	0	0	0
2810004N23Rik	57.833333	147	105	95	0	0	0	0
Tigd2	57.666667	170	176	0	0	0	0	0
Fkbpl	57.666667	0	346	0	0	0	0	0
Tespa1	57.500000	0	0	0	0	153	192	0
Rpe	57.500000	193	152	0	0	0	0	0
Folr1	57.500000	0	0	345	0	0	0	0
Ankrd2	57.500000	142	203	0	0	0	0	0
Akip1	57.500000	136	209	0	0	0	0	0
Gabpb2	57.333333	119	106	119	0	0	0	0
Dcst2	57.333333	189	155	0	0	0	0	0
Dcst1	57.333333	189	155	0	0	0	0	0
Ccdc85c	57.333333	140	204	0	0	0	0	0
Srpk2	57.166667	147	196	0	0	0	0	0
Ruvbl1	57.166667	119	126	98	0	0	0	0
Vhl	57.000000	0	0	342	0	0	0	0
Tifa	57.000000	191	151	0	0	0	0	0
Snrpd3	57.000000	0	0	342	0	0	0	0
Ppm1a	57.000000	165	177	0	0	0	0	0
Ier2	57.000000	0	0	342	0	0	0	0
Gucd1	57.000000	0	0	342	0	0	0	0
Fzd7	57.000000	158	184	0	0	0	0	0
Arf6	57.000000	0	205	137	0	0	0	0
Prkag2	56.833333	0	341	0	0	0	0	0
Pusl1	56.666667	0	173	167	0	0	0	0
Naa40	56.666667	212	128	0	0	0	0	0
Gnai2	56.666667	0	0	0	164	0	176	0
Fem1b	56.666667	0	257	83	0	0	0	0
Bcr	56.666667	0	0	340	0	0	0	0
Acap3	56.666667	0	173	167	0	0	0	0
Sc5d	56.500000	0	132	207	0	0	0	0
Prkaa1	56.500000	200	139	0	0	0	0	0
Dok3	56.500000	0	0	176	163	0	0	0
Trim25	56.333333	251	87	0	0	0	0	0
Ly6a	56.333333	0	0	338	0	0	0	0
Stx3	56.166667	185	152	0	0	0	0	0
Pspn	56.166667	148	189	0	0	0	0	0
Paxip1	56.166667	108	155	74	0	0	0	0
Cdk9	56.166667	0	0	217	120	0	0	0
Calr	56.166667	225	0	112	0	0	0	0
Alkbh7	56.166667	148	189	0	0	0	0	0
Crocc	56.000000	230	106	0	0	0	0	0
Cpne7	56.000000	141	195	0	0	0	0	0
Cgrrf1	56.000000	0	198	138	0	0	0	0
Zfp398	55.833333	114	131	90	0	0	0	0
Tmem33	55.833333	110	225	0	0	0	0	0
Tkfc	55.833333	163	172	0	0	0	0	0
Rpp25	55.833333	0	0	335	0	0	0	0
Mrpl20	55.833333	0	0	335	0	0	0	0
Mpeg1	55.833333	0	0	0	178	0	157	0
Dpysl3	55.833333	138	197	0	0	0	0	0
Ddb1	55.833333	163	172	0	0	0	0	0
1810046K07Rik	55.833333	0	0	335	0	0	0	0
Vps4b	55.500000	0	104	229	0	0	0	0
Tmeff2	55.500000	213	120	0	0	0	0	0
Socs2	55.333333	0	176	156	0	0	0	0
Nop14	55.333333	0	176	156	0	0	0	0
Mrps21	55.333333	167	165	0	0	0	0	0
Grk4	55.333333	0	176	156	0	0	0	0
Gpr19	55.333333	184	148	0	0	0	0	0
Gnb1	55.333333	177	155	0	0	0	0	0
Cfap97d2	55.333333	187	145	0	0	0	0	0
Trip6	55.166667	179	152	0	0	0	0	0
Mfsd10	55.166667	166	165	0	0	0	0	0
Gpr171	55.166667	0	0	331	0	0	0	0
Gosr2	55.166667	151	180	0	0	0	0	0
1700019D03Rik	55.166667	167	164	0	0	0	0	0
Zfp512	55.000000	240	90	0	0	0	0	0
Trp53i13	55.000000	0	145	185	0	0	0	0
Taf4b	55.000000	207	123	0	0	0	0	0
Slc12a9	55.000000	179	151	0	0	0	0	0
Coq7	55.000000	196	134	0	0	0	0	0
Arhgef10l	55.000000	0	0	330	0	0	0	0
Zbtb7a	54.833333	166	0	163	0	0	0	0
Tead4	54.833333	137	192	0	0	0	0	0
Slc25a22	54.833333	0	233	96	0	0	0	0
Dock10	54.833333	0	0	198	131	0	0	0
Cd74	54.833333	0	0	0	244	85	0	0
Tmem150a	54.666667	156	172	0	0	0	0	0
Rad18	54.666667	186	142	0	0	0	0	0
Atp6ap1	54.666667	139	0	189	0	0	0	0
Abhd17b	54.666667	146	182	0	0	0	0	0
1110059E24Rik	54.666667	146	182	0	0	0	0	0
Fabp1	54.500000	0	0	327	0	0	0	0
Dohh	54.500000	178	149	0	0	0	0	0
Ddr1	54.500000	142	185	0	0	0	0	0
C1qtnf6	54.500000	151	176	0	0	0	0	0
Zfp959	54.333333	115	111	100	0	0	0	0
Sgk3	54.333333	0	164	0	162	0	0	0
Pttg1ip	54.333333	0	0	326	0	0	0	0
Mrpl27	54.333333	193	133	0	0	0	0	0
Eme1	54.333333	193	133	0	0	0	0	0
Dynlt1b	54.333333	0	0	326	0	0	0	0
Zfp800	54.166667	0	97	228	0	0	0	0
Sf3a3	54.166667	0	0	325	0	0	0	0
Gzmm	54.166667	142	183	0	0	0	0	0
Epg5	54.166667	200	125	0	0	0	0	0
Dctn4	54.166667	125	200	0	0	0	0	0
Sord	54.000000	174	150	0	0	0	0	0
Pdgfrb	54.000000	0	0	324	0	0	0	0
Zfp944	53.833333	198	125	0	0	0	0	0
Zfp758	53.833333	198	125	0	0	0	0	0
Vps8	53.833333	323	0	0	0	0	0	0
Hcfc2	53.833333	0	96	0	101	126	0	0
Gclc	53.833333	166	157	0	0	0	0	0
Gas2l3	53.833333	0	93	230	0	0	0	0
Elof1	53.833333	0	0	0	158	165	0	0
Cstf2t	53.833333	0	0	323	0	0	0	0
Commd10	53.833333	145	178	0	0	0	0	0
Rbm39	53.666667	0	0	322	0	0	0	0
Eef1g	53.666667	128	0	194	0	0	0	0
Slc22a12	53.500000	163	158	0	0	0	0	0
Prps1l3	53.500000	178	143	0	0	0	0	0
Mterf1b	53.500000	157	164	0	0	0	0	0
Mphosph8	53.500000	216	105	0	0	0	0	0
Mipol1	53.500000	178	143	0	0	0	0	0
Lcmt1	53.500000	0	0	321	0	0	0	0
H1f0	53.500000	171	150	0	0	0	0	0
Gcat	53.500000	171	150	0	0	0	0	0
Zfp575	53.333333	0	320	0	0	0	0	0
Zfp553	53.333333	145	175	0	0	0	0	0
Tmem40	53.333333	186	134	0	0	0	0	0
Tlr2	53.333333	0	0	0	192	128	0	0
Slc30a5	53.333333	184	136	0	0	0	0	0
Napepld	53.333333	211	109	0	0	0	0	0
Lyl1	53.333333	0	0	320	0	0	0	0
Lbr	53.333333	131	189	0	0	0	0	0
Hspg2	53.333333	149	171	0	0	0	0	0
Ethe1	53.333333	0	320	0	0	0	0	0
Tprkb	53.166667	106	213	0	0	0	0	0
Strn	53.166667	0	115	204	0	0	0	0
Slc49a4	53.166667	196	123	0	0	0	0	0
R3hcc1l	53.166667	187	132	0	0	0	0	0
Psmd5	53.166667	132	0	187	0	0	0	0
Nat8f1	53.166667	106	213	0	0	0	0	0
Lypla1	53.166667	182	137	0	0	0	0	0
Dnase2a	53.166667	140	0	179	0	0	0	0
Cutal	53.166667	132	0	187	0	0	0	0
Zmynd8	53.000000	0	176	142	0	0	0	0
Syne1	53.000000	0	209	109	0	0	0	0
Sun1	53.000000	195	123	0	0	0	0	0
Pdhb	53.000000	0	215	103	0	0	0	0
Nrsn2	53.000000	0	0	318	0	0	0	0
Tollip	52.833333	131	186	0	0	0	0	0
Tk1	52.833333	78	239	0	0	0	0	0
Thsd7a	52.833333	132	185	0	0	0	0	0
Rab43	52.833333	137	180	0	0	0	0	0
Grik2	52.833333	139	178	0	0	0	0	0
Afmid	52.833333	78	239	0	0	0	0	0
Znrf2	52.666667	90	226	0	0	0	0	0
Ubash3b	52.666667	142	174	0	0	0	0	0
Mettl17	52.666667	164	152	0	0	0	0	0
Champ1	52.666667	152	0	164	0	0	0	0
Taf9	52.500000	130	185	0	0	0	0	0
Shroom2	52.500000	106	209	0	0	0	0	0
Rnf138	52.500000	111	204	0	0	0	0	0
Rad17	52.500000	130	185	0	0	0	0	0
Nod1	52.500000	0	315	0	0	0	0	0
Ak6	52.500000	130	185	0	0	0	0	0
Acp2	52.500000	0	0	315	0	0	0	0
Myh3	52.333333	105	209	0	0	0	0	0
Clec2e	52.333333	0	0	0	184	0	130	0
Zbtb39	52.166667	0	313	0	0	0	0	0
Stat1	52.166667	153	160	0	0	0	0	0
Scd4	52.166667	0	0	313	0	0	0	0
Rplp1	52.166667	178	135	0	0	0	0	0
Rbfa	52.166667	0	0	0	86	96	131	0
Prkacb	52.166667	141	172	0	0	0	0	0
Pi4k2a	52.166667	127	186	0	0	0	0	0
Morn4	52.166667	127	186	0	0	0	0	0
Hmgn1	52.166667	197	116	0	0	0	0	0
Cad	52.166667	184	129	0	0	0	0	0
Foxp2	52.000000	153	159	0	0	0	0	0
Fam111a	52.000000	0	0	312	0	0	0	0
Dpep3	52.000000	0	0	0	172	140	0	0
Chd2	52.000000	148	164	0	0	0	0	0
Wdr36	51.833333	0	0	311	0	0	0	0
Tmem101	51.833333	0	109	202	0	0	0	0
Sdk1	51.833333	142	169	0	0	0	0	0
Patz1	51.833333	0	0	311	0	0	0	0
Nudt15	51.833333	0	0	311	0	0	0	0
Gpd1	51.833333	0	311	0	0	0	0	0
Cep63	51.833333	175	136	0	0	0	0	0
Azin1	51.833333	139	172	0	0	0	0	0
Anapc13	51.833333	175	136	0	0	0	0	0
Tmem262	51.666667	0	0	310	0	0	0	0
Rnf8	51.666667	0	0	310	0	0	0	0
Nab2	51.666667	0	154	156	0	0	0	0
Itgax	51.666667	0	0	0	157	153	0	0
Gucy2g	51.666667	0	310	0	0	0	0	0
Ranbp3	51.500000	0	309	0	0	0	0	0
Mrpl30	51.500000	0	0	309	0	0	0	0
Mitd1	51.500000	0	0	309	0	0	0	0
Kpna4	51.500000	164	145	0	0	0	0	0
Itsn1	51.500000	149	160	0	0	0	0	0
Eif4e2	51.500000	0	0	309	0	0	0	0
Dclre1b	51.500000	71	238	0	0	0	0	0
Cryzl1	51.500000	149	160	0	0	0	0	0
Cnr2	51.500000	0	0	309	0	0	0	0
Bptf	51.500000	0	0	309	0	0	0	0
Ap4b1	51.500000	71	238	0	0	0	0	0
Wdr25	51.166667	0	0	307	0	0	0	0
Wars	51.166667	0	0	307	0	0	0	0
Masp1	51.166667	0	307	0	0	0	0	0
Map2k7	51.166667	137	170	0	0	0	0	0
Lap3	51.166667	0	127	180	0	0	0	0
Hnrnpul1	51.166667	0	135	172	0	0	0	0
Erc1	51.166667	161	146	0	0	0	0	0
Capn10	51.166667	155	152	0	0	0	0	0
Armc2	51.166667	109	198	0	0	0	0	0
Ubr5	51.000000	0	184	122	0	0	0	0
Tjp3	51.000000	0	0	306	0	0	0	0
Nr2c2ap	51.000000	94	212	0	0	0	0	0
Ctsb	51.000000	126	180	0	0	0	0	0
Cmtm7	51.000000	0	0	306	0	0	0	0
Serp1	50.833333	131	174	0	0	0	0	0
Relb	50.833333	160	145	0	0	0	0	0
Kif3b	50.833333	120	185	0	0	0	0	0
Hsd11b1	50.833333	148	157	0	0	0	0	0
Eif2a	50.833333	131	174	0	0	0	0	0
Zscan12	50.666667	160	144	0	0	0	0	0
Uap1	50.666667	0	0	304	0	0	0	0
Tpst2	50.666667	0	208	0	96	0	0	0
Tfap2a	50.666667	137	167	0	0	0	0	0
Foxo3	50.666667	134	0	170	0	0	0	0
Dcaf5	50.666667	0	0	304	0	0	0	0
Txlna	50.500000	139	164	0	0	0	0	0
Mysm1	50.500000	0	168	135	0	0	0	0
Map3k5	50.500000	0	0	0	178	0	125	0
Limk1	50.500000	0	0	0	0	169	134	0
Il9r	50.500000	0	0	303	0	0	0	0
Glrx5	50.500000	113	0	190	0	0	0	0
Rac2	50.333333	0	0	302	0	0	0	0
Elmo2	50.333333	0	302	0	0	0	0	0
Usp2	50.166667	0	174	0	127	0	0	0
Tsc22d2	50.166667	123	178	0	0	0	0	0
Tmem135	50.166667	0	134	167	0	0	0	0
Tial1	50.166667	126	175	0	0	0	0	0
Sephs2	50.166667	104	197	0	0	0	0	0
Dcp1a	50.166667	0	0	301	0	0	0	0
Carmil3	50.166667	128	173	0	0	0	0	0
Tsen2	50.000000	86	214	0	0	0	0	0
Slc6a17	50.000000	0	300	0	0	0	0	0
Plekho1	50.000000	0	300	0	0	0	0	0
Hcls1	50.000000	0	0	0	184	116	0	0
Sppl2b	49.833333	122	177	0	0	0	0	0
Slc35b2	49.833333	116	183	0	0	0	0	0
Prmt5	49.833333	0	0	299	0	0	0	0
Lsm7	49.833333	122	177	0	0	0	0	0
Dnajc3	49.833333	0	200	99	0	0	0	0
Atl3	49.833333	145	154	0	0	0	0	0
Angptl6	49.833333	0	178	121	0	0	0	0
Zscan26	49.666667	0	145	153	0	0	0	0
Tmem86a	49.666667	123	175	0	0	0	0	0
Tiam1	49.666667	0	298	0	0	0	0	0
Snrnp27	49.666667	132	0	166	0	0	0	0
Rpl27	49.666667	0	0	298	0	0	0	0
Ins2	49.666667	162	136	0	0	0	0	0
Rfc5	49.500000	157	140	0	0	0	0	0
Psmg4	49.500000	157	0	140	0	0	0	0
Pex3	49.500000	0	0	297	0	0	0	0
Intu	49.500000	136	161	0	0	0	0	0
Adat2	49.500000	0	0	297	0	0	0	0
Abca8b	49.500000	162	135	0	0	0	0	0
Pus1	49.333333	296	0	0	0	0	0	0
Npc2	49.333333	153	143	0	0	0	0	0
Nars2	49.333333	108	188	0	0	0	0	0
Isca2	49.333333	153	143	0	0	0	0	0
Tnpo3	49.166667	79	98	118	0	0	0	0
Stk4	49.166667	167	0	128	0	0	0	0
Slc15a3	49.166667	0	0	0	188	107	0	0
Pot1a	49.166667	161	134	0	0	0	0	0
Hmga2	49.166667	148	147	0	0	0	0	0
Glul	49.166667	121	174	0	0	0	0	0
B4galt7	49.166667	0	0	295	0	0	0	0
9430038I01Rik	49.166667	0	295	0	0	0	0	0
Xrra1	49.000000	0	146	148	0	0	0	0
Vps13c	49.000000	180	114	0	0	0	0	0
Trpv2	49.000000	0	115	179	0	0	0	0
Spcs2	49.000000	0	146	148	0	0	0	0
Dnaic2	49.000000	136	158	0	0	0	0	0
5730455P16Rik	49.000000	0	0	294	0	0	0	0
Slc38a9	48.833333	0	293	0	0	0	0	0
Rhobtb2	48.833333	143	150	0	0	0	0	0
Psmf1	48.833333	0	0	293	0	0	0	0
Pes1	48.833333	78	215	0	0	0	0	0
Fbxo40	48.833333	0	0	293	0	0	0	0
Ehd1	48.833333	0	293	0	0	0	0	0
Snx27	48.666667	121	171	0	0	0	0	0
Rita1	48.666667	0	155	137	0	0	0	0
Ppip5k2	48.666667	0	0	292	0	0	0	0
Ndufc2	48.666667	0	0	292	0	0	0	0
Gin1	48.666667	0	0	292	0	0	0	0
Fads1	48.666667	95	197	0	0	0	0	0
Enah	48.666667	0	292	0	0	0	0	0
Ddx54	48.666667	0	155	137	0	0	0	0
Ccno	48.666667	154	138	0	0	0	0	0
Zfp709	48.500000	0	0	291	0	0	0	0
Zfp39	48.500000	124	0	167	0	0	0	0
Tigar	48.500000	180	111	0	0	0	0	0
Tbl1x	48.500000	0	291	0	0	0	0	0
Sh3pxd2a	48.500000	0	291	0	0	0	0	0
Snx10	48.333333	124	166	0	0	0	0	0
Pfn3	48.333333	175	115	0	0	0	0	0
Mrpl17	48.333333	185	105	0	0	0	0	0
Ccdc166	48.333333	0	290	0	0	0	0	0
Car13	48.333333	0	290	0	0	0	0	0
Zfp869	48.000000	139	149	0	0	0	0	0
Naf1	48.000000	0	145	143	0	0	0	0
Mrpl21	48.000000	0	0	288	0	0	0	0
Ighmbp2	48.000000	0	0	288	0	0	0	0
Igf1r	48.000000	149	139	0	0	0	0	0
Gcnt1	48.000000	0	0	288	0	0	0	0
Eps15l1	48.000000	107	0	181	0	0	0	0
Dhx37	48.000000	130	158	0	0	0	0	0
Coq10a	48.000000	0	0	0	144	0	144	0
Cdc25a	48.000000	112	176	0	0	0	0	0
Ankrd52	48.000000	0	0	0	144	0	144	0
Vti1b	47.833333	93	76	118	0	0	0	0
Sh3bgrl3	47.833333	0	0	287	0	0	0	0
Rab15	47.833333	0	287	0	0	0	0	0
Elovl5	47.833333	0	119	168	0	0	0	0
Cux1	47.833333	0	137	150	0	0	0	0
Zfp652	47.666667	0	0	286	0	0	0	0
Sh3gl1	47.666667	157	129	0	0	0	0	0
Metrn	47.666667	0	0	286	0	0	0	0
Map1s	47.666667	0	160	126	0	0	0	0
Il1rl2	47.666667	0	0	0	101	185	0	0
Ern1	47.666667	91	195	0	0	0	0	0
Chmp3	47.666667	182	104	0	0	0	0	0
Chaf1a	47.666667	157	129	0	0	0	0	0
Antkmt	47.666667	0	0	286	0	0	0	0
Tmem116	47.500000	90	195	0	0	0	0	0
Tmem11	47.500000	118	167	0	0	0	0	0
Pyurf	47.500000	163	122	0	0	0	0	0
Mcm7	47.500000	170	115	0	0	0	0	0
Lamtor4	47.500000	174	111	0	0	0	0	0
Lamp2	47.500000	150	135	0	0	0	0	0
Ino80	47.500000	0	0	285	0	0	0	0
Chordc1	47.500000	0	0	285	0	0	0	0
Ap4m1	47.500000	170	115	0	0	0	0	0
Alms1	47.500000	111	174	0	0	0	0	0
Zfp605	47.333333	175	109	0	0	0	0	0
Tab1	47.333333	121	163	0	0	0	0	0
Prune1	47.333333	0	0	284	0	0	0	0
Mindy1	47.333333	0	0	284	0	0	0	0
Gtpbp6	47.333333	175	109	0	0	0	0	0
Fchsd2	47.333333	0	134	150	0	0	0	0
Eno2	47.333333	0	175	109	0	0	0	0
Crlf3	47.333333	0	0	148	136	0	0	0
Ccne1	47.333333	145	139	0	0	0	0	0
Bbc3	47.333333	0	140	144	0	0	0	0
Sumo3	47.166667	0	168	115	0	0	0	0
Rab10	47.166667	189	94	0	0	0	0	0
Nt5dc2	47.166667	0	170	113	0	0	0	0
Nkpd1	47.166667	0	0	283	0	0	0	0
Fam3c	47.166667	0	112	0	171	0	0	0
Tmem150b	47.000000	0	0	0	0	114	168	0
Gsta2	47.000000	0	0	282	0	0	0	0
Fosl2	47.000000	0	282	0	0	0	0	0
1700037H04Rik	47.000000	132	150	0	0	0	0	0
Srsf1	46.833333	0	125	156	0	0	0	0
Smap2	46.833333	0	0	0	150	131	0	0
Fbxo42	46.833333	0	0	281	0	0	0	0
Cd72	46.833333	0	281	0	0	0	0	0
Uggt1	46.666667	140	140	0	0	0	0	0
Lsg1	46.666667	0	112	168	0	0	0	0
Vamp8	46.500000	0	129	150	0	0	0	0
Trim41	46.500000	0	0	279	0	0	0	0
Sirt2	46.500000	157	122	0	0	0	0	0
Nfkbib	46.500000	157	122	0	0	0	0	0
Nckipsd	46.500000	136	0	143	0	0	0	0
Mphosph9	46.500000	163	116	0	0	0	0	0
Gyg	46.500000	158	121	0	0	0	0	0
Ctsc	46.500000	105	0	174	0	0	0	0
Ccnb1	46.500000	0	279	0	0	0	0	0
Arhgap22	46.500000	0	0	0	279	0	0	0
Ankrd33	46.500000	99	180	0	0	0	0	0
2810006K23Rik	46.500000	163	116	0	0	0	0	0
Zfp90	46.333333	102	0	0	176	0	0	0
Synj1	46.333333	0	0	0	135	0	143	0
Pcx	46.333333	152	126	0	0	0	0	0
Nrl	46.333333	0	278	0	0	0	0	0
Dctd	46.333333	126	152	0	0	0	0	0
Cmc1	46.333333	0	161	117	0	0	0	0
Uchl3	46.166667	0	158	119	0	0	0	0
Ttc39b	46.166667	108	169	0	0	0	0	0
Tns2	46.166667	0	277	0	0	0	0	0
Pwwp2a	46.166667	162	115	0	0	0	0	0
Pacs1	46.166667	0	0	277	0	0	0	0
Bid	46.166667	153	124	0	0	0	0	0
Tor3a	46.000000	148	0	128	0	0	0	0
Tbc1d7	46.000000	0	0	276	0	0	0	0
Rragb	46.000000	128	0	148	0	0	0	0
Prrg4	46.000000	123	153	0	0	0	0	0
Gramd1b	46.000000	0	0	276	0	0	0	0
Sec11c	45.833333	160	115	0	0	0	0	0
Rasgef1b	45.833333	0	0	275	0	0	0	0
Nol11	45.833333	181	94	0	0	0	0	0
Mif	45.833333	204	0	71	0	0	0	0
Ifit2	45.833333	135	140	0	0	0	0	0
Gpr35	45.833333	0	0	275	0	0	0	0
Fcgr1	45.833333	0	0	0	135	0	140	0
Usp37	45.666667	129	145	0	0	0	0	0
Ube4b	45.666667	167	107	0	0	0	0	0
Trip4	45.666667	0	0	274	0	0	0	0
Sectm1b	45.666667	0	274	0	0	0	0	0
Rpl5	45.666667	0	0	274	0	0	0	0
Plekhf2	45.666667	162	0	112	0	0	0	0
Nr2c2	45.666667	117	157	0	0	0	0	0
Edc4	45.666667	0	0	274	0	0	0	0
Cnot9	45.666667	129	145	0	0	0	0	0
Rdh5	45.500000	93	104	76	0	0	0	401
Usp16	45.500000	0	0	273	0	0	0	0
Rell2	45.500000	133	140	0	0	0	0	0
Hdac3	45.500000	133	140	0	0	0	0	0
Exo1	45.500000	119	154	0	0	0	0	0
Chchd6	45.500000	146	127	0	0	0	0	0
Bloc1s1	45.500000	93	104	76	0	0	0	0
Tmppe	45.333333	185	87	0	0	0	0	0
Pp2d1	45.333333	0	272	0	0	0	0	0
Dicer1	45.333333	0	0	272	0	0	0	0
Ddx39a	45.333333	138	134	0	0	0	0	0
Plekha8	45.166667	0	271	0	0	0	0	0
Parp11	45.166667	162	109	0	0	0	0	0
Fkbp14	45.166667	0	271	0	0	0	0	0
Clic4	45.166667	129	142	0	0	0	0	0
Capn15	45.166667	161	110	0	0	0	0	0
Tmem30a	45.000000	143	0	127	0	0	0	0
Pcnx3	45.000000	0	0	270	0	0	0	0
Ndufs3	45.000000	0	0	270	0	0	0	0
Map3k11	45.000000	0	0	270	0	0	0	0
Kbtbd4	45.000000	0	0	270	0	0	0	0
Eif3e	45.000000	0	0	270	0	0	0	0
Efna3	45.000000	177	93	0	0	0	0	0
Celf6	44.833333	59	210	0	0	0	0	0
Cdc42ep5	44.833333	0	269	0	0	0	0	0
Smdt1	44.666667	0	0	268	0	0	0	0
Ppil3	44.666667	0	0	268	0	0	0	0
Pigw	44.666667	144	0	124	0	0	0	0
Nif3l1	44.666667	0	0	268	0	0	0	0
Nckap5	44.666667	76	192	0	0	0	0	0
Myo19	44.666667	144	0	124	0	0	0	0
Kank2	44.666667	90	178	0	0	0	0	0
Hcn3	44.666667	161	107	0	0	0	0	0
Cox7a2	44.666667	146	122	0	0	0	0	0
Cdt1	44.666667	135	133	0	0	0	0	0
Atf2	44.666667	149	0	119	0	0	0	0
Sdhc	44.500000	0	147	120	0	0	0	0
Rnf43	44.500000	0	0	267	0	0	0	0
Poc1b	44.500000	0	0	267	0	0	0	0
Nfkbie	44.500000	0	0	133	0	0	134	0
Mpz	44.500000	0	147	120	0	0	0	0
Galnt4	44.500000	0	0	267	0	0	0	0
Asb2	44.500000	132	135	0	0	0	0	0
Ier3ip1	44.333333	0	0	0	102	164	0	0
Gtpbp10	44.333333	128	138	0	0	0	0	0
Asb13	44.333333	266	0	0	0	0	0	0
Tmod1	44.166667	139	126	0	0	0	0	0
Nmrk2	44.166667	0	265	0	0	0	0	0
Lancl2	44.166667	151	114	0	0	0	0	0
Cyp1b1	44.166667	0	0	265	0	0	0	0
Pvr	44.000000	129	135	0	0	0	0	0
Mtmr4	44.000000	0	0	264	0	0	0	0
Mlec	44.000000	0	0	165	99	0	0	0
Kdm3a	44.000000	153	111	0	0	0	0	0
Cdkl4	44.000000	0	0	0	117	147	0	0
Wdr27	43.833333	0	0	263	0	0	0	0
Tmigd3	43.833333	115	148	0	0	0	0	0
Tent2	43.833333	0	132	131	0	0	0	0
Tcof1	43.833333	108	155	0	0	0	0	0
Rpl37	43.833333	0	132	131	0	0	0	0
Rab3a	43.833333	0	263	0	0	0	0	0
Psmb2	43.833333	0	0	263	0	0	0	0
Depdc1a	43.833333	263	0	0	0	0	0	0
Cacybp	43.833333	0	90	173	0	0	0	0
Arfgap2	43.833333	0	167	96	0	0	0	0
1600012H06Rik	43.833333	0	0	263	0	0	0	0
Nceh1	43.666667	105	0	157	0	0	0	0
Zfand2a	43.500000	0	0	261	0	0	0	0
Yif1b	43.500000	145	116	0	0	0	0	0
Tom1l1	43.500000	112	149	0	0	0	0	0
Supt7l	43.500000	0	0	261	0	0	0	0
Slc4a1ap	43.500000	0	0	261	0	0	0	0
Pyroxd1	43.500000	123	138	0	0	0	0	0
Orm3	43.500000	0	0	261	0	0	0	0
Nedd4	43.500000	0	0	0	142	0	119	0
Map4	43.500000	0	81	180	0	0	0	0
Kdm1a	43.500000	165	96	0	0	0	0	0
Tgm5	43.333333	0	0	260	0	0	0	0
Rbm34	43.333333	0	0	260	0	0	0	0
Pprc1	43.333333	260	0	0	0	0	0	0
Dhrs11	43.333333	0	0	260	0	0	0	0
C1qc	43.333333	0	0	260	0	0	0	0
Vegfb	43.166667	0	259	0	0	0	0	0
Taok1	43.166667	147	0	112	0	0	0	0
Pemt	43.166667	137	0	122	0	0	0	0
Dnajc4	43.166667	0	259	0	0	0	0	0
St7	43.000000	0	0	0	258	0	0	0
Slc18a2	43.000000	0	0	258	0	0	0	0
P2ry2	43.000000	0	258	0	0	0	0	0
Lgals9	43.000000	110	0	148	0	0	0	0
Golga3	43.000000	0	0	258	0	0	0	0
Gm13212	43.000000	116	0	142	0	0	0	0
Pycard	42.833333	0	0	257	0	0	0	0
Ofcc1	42.833333	0	257	0	0	0	0	0
Ldha	42.833333	0	257	0	0	0	0	0
Itga2b	42.833333	0	0	257	0	0	0	0
Bcar1	42.833333	0	257	0	0	0	0	0
Myo1g	42.666667	0	256	0	0	0	0	0
Zfp119a	42.500000	0	255	0	0	0	0	0
Xrcc1	42.500000	78	177	0	0	0	0	0
Rmdn1	42.500000	106	0	149	0	0	0	0
Pinlyp	42.500000	78	177	0	0	0	0	0
Nol7	42.500000	104	151	0	0	0	0	0
Coro1a	42.500000	255	0	0	0	0	0	0
Trmu	42.333333	81	0	173	0	0	0	0
Samsn1	42.333333	0	0	0	254	0	0	0
Pmp22	42.333333	133	121	0	0	0	0	0
Plekha7	42.333333	137	117	0	0	0	0	0
Mfge8	42.333333	0	105	149	0	0	0	0
Mcidas	42.333333	123	131	0	0	0	0	0
Lsm4	42.333333	0	100	154	0	0	0	0
Lars2	42.333333	0	0	254	0	0	0	0
Cdk8	42.333333	170	84	0	0	0	0	0
Ankrd13c	42.333333	0	0	254	0	0	0	0
Vps25	42.166667	0	0	253	0	0	0	0
Unc45b	42.166667	0	119	134	0	0	0	0
Tekt2	42.166667	134	119	0	0	0	0	0
Pxk	42.166667	0	0	0	144	0	109	0
Nle1	42.166667	0	119	134	0	0	0	0
Nbeal1	42.166667	146	107	0	0	0	0	0
Mrpl34	42.166667	0	89	164	0	0	0	0
Dda1	42.166667	0	89	164	0	0	0	0
Adprhl2	42.166667	134	119	0	0	0	0	0
Abhd8	42.166667	0	89	164	0	0	0	0
Txnl4b	42.000000	0	0	252	0	0	0	0
Rrp9	42.000000	87	165	0	0	0	0	0
Parp3	42.000000	87	165	0	0	0	0	0
Dhx38	42.000000	0	0	252	0	0	0	0
Cdk5rap1	42.000000	0	0	252	0	0	0	0
Zfp511	41.833333	104	147	0	0	0	0	0
Wsb2	41.833333	0	251	0	0	0	0	0
Tubgcp2	41.833333	104	147	0	0	0	0	0
Neurl3	41.833333	0	0	251	0	0	0	0
Nedd9	41.833333	0	0	251	0	0	0	0
Man2c1	41.833333	0	0	251	0	0	0	0
Adnp2	41.833333	141	110	0	0	0	0	0
Adck1	41.833333	139	112	0	0	0	0	0
Wdr70	41.666667	95	155	0	0	0	0	0
Txnl1	41.666667	103	147	0	0	0	0	0
Slc14a2	41.666667	0	250	0	0	0	0	0
Ints7	41.666667	102	148	0	0	0	0	0
Gdi2	41.666667	97	0	153	0	0	0	0
Erf	41.666667	0	250	0	0	0	0	0
Dtl	41.666667	102	148	0	0	0	0	0
Rpl29	41.500000	0	0	249	0	0	0	0
P4hb	41.500000	162	87	0	0	0	0	0
Icmt	41.500000	0	138	111	0	0	0	0
Hinfp	41.500000	148	101	0	0	0	0	0
Gm11837	41.500000	0	249	0	0	0	0	0
C87436	41.500000	88	161	0	0	0	0	0
Agbl3	41.500000	0	249	0	0	0	0	0
Tmsb4x	41.333333	0	0	0	172	76	0	0
Spef1l	41.333333	0	0	135	113	0	0	0
Ep400	41.333333	115	133	0	0	0	0	0
Dynlt1f	41.333333	0	0	248	0	0	0	0
Dynlt1c	41.333333	0	0	248	0	0	0	0
Cdk12	41.333333	0	0	248	0	0	0	0
Sec14l1	41.166667	0	0	247	0	0	0	0
Rabggta	41.166667	126	121	0	0	0	0	0
Osbpl3	41.166667	0	0	116	131	0	0	0
Olfr455	41.166667	0	247	0	0	0	0	0
Myo10	41.166667	0	247	0	0	0	0	0
Chn2	41.166667	110	137	0	0	0	0	0
Ccdc150	41.166667	99	148	0	0	0	0	0
Rap2b	41.000000	105	141	0	0	0	0	0
Nwd1	41.000000	0	246	0	0	0	0	0
Ndufa12	41.000000	0	0	246	0	0	0	0
Mfsd3	41.000000	0	142	104	0	0	0	0
Gspt1	41.000000	102	144	0	0	0	0	0
Gpt	41.000000	0	142	104	0	0	0	0
Slc12a7	40.833333	78	167	0	0	0	0	0
Sema4c	40.833333	0	0	245	0	0	0	0
Osbpl8	40.833333	124	121	0	0	0	0	0
Mrpl55	40.833333	105	140	0	0	0	0	0
Map3k2	40.833333	114	131	0	0	0	0	0
Fam91a1	40.833333	245	0	0	0	0	0	0
Cma2	40.833333	0	0	245	0	0	0	0
Cma1	40.833333	0	0	245	0	0	0	0
Tmem184a	40.666667	0	0	244	0	0	0	0
Plscr2	40.666667	0	0	244	0	0	0	0
Mob1a	40.666667	98	0	146	0	0	0	0
Kat7	40.666667	105	0	139	0	0	0	0
Golga1	40.666667	0	96	148	0	0	0	0
Zfp28	40.500000	0	243	0	0	0	0	0
Tmem175	40.500000	243	0	0	0	0	0	0
Tekt3	40.500000	0	0	243	0	0	0	0
Snx13	40.500000	0	0	243	0	0	0	0
Smarcad1	40.500000	84	159	0	0	0	0	0
Reps1	40.500000	93	150	0	0	0	0	0
Mccc2	40.500000	106	137	0	0	0	0	0
Hrh1	40.500000	0	0	243	0	0	0	0
Hmgn2	40.500000	0	0	243	0	0	0	0
Hjurp	40.500000	176	67	0	0	0	0	0
Hdhd5	40.500000	165	78	0	0	0	0	0
Gak	40.500000	243	0	0	0	0	0	0
A730008H23Rik	40.500000	176	67	0	0	0	0	0
Cyp27b1	40.333333	0	242	0	0	0	0	0
Tbc1d2	40.166667	116	0	125	0	0	0	0
Pnkp	40.166667	96	145	0	0	0	0	0
Net1	40.166667	0	135	106	0	0	0	0
Gal3st3	40.166667	0	122	119	0	0	0	0
F2r	40.166667	0	0	241	0	0	0	0
Ankrd28	40.166667	241	0	0	0	0	0	0
Usp30	40.000000	0	0	240	0	0	0	0
Tut1	40.000000	0	0	240	0	0	0	0
Slc7a8	40.000000	0	0	240	0	0	0	0
Rnf6	40.000000	0	0	240	0	0	0	0
Mthfd2	40.000000	120	120	0	0	0	0	0
Gfm1	40.000000	95	145	0	0	0	0	0
Fam149b	40.000000	0	0	240	0	0	0	0
Ecd	40.000000	0	0	240	0	0	0	0
Vps37c	39.833333	0	152	87	0	0	0	0
Suco	39.833333	127	112	0	0	0	0	0
Phyhd1	39.833333	0	239	0	0	0	0	0
Mef2a	39.833333	0	125	114	0	0	0	0
Zbtb21	39.666667	0	0	238	0	0	0	0
Uri1	39.666667	0	238	0	0	0	0	0
Slc30a7	39.666667	127	111	0	0	0	0	0
Nsun6	39.666667	0	238	0	0	0	0	0
Ncaph	39.666667	0	137	0	101	0	0	0
Lyrm7	39.666667	0	238	0	0	0	0	0
Itpr1	39.666667	140	98	0	0	0	0	0
Hint1	39.666667	0	238	0	0	0	0	0
Extl2	39.666667	127	111	0	0	0	0	0
Cyp4f17	39.666667	123	115	0	0	0	0	0
Braf	39.666667	0	238	0	0	0	0	0
Arl5b	39.666667	0	238	0	0	0	0	0
Trp53rka	39.500000	0	0	237	0	0	0	0
Tnip2	39.500000	0	237	0	0	0	0	0
Tgfbr3	39.333333	113	123	0	0	0	0	0
Qdpr	39.333333	113	123	0	0	0	0	0
Klhl21	39.333333	0	136	100	0	0	0	0
Clrn2	39.333333	113	123	0	0	0	0	0
Zic5	39.166667	134	101	0	0	0	0	0
Tssc4	39.166667	0	76	159	0	0	0	0
Septin7	39.166667	91	0	144	0	0	0	0
Rps3a1	39.166667	0	235	0	0	0	0	0
Rhbdd2	39.166667	166	69	0	0	0	0	0
Dnttip2	39.166667	0	0	235	0	0	0	0
Agap1	39.166667	0	235	0	0	0	0	0
Styxl1	39.000000	0	0	234	0	0	0	0
Pcdh7	39.000000	0	234	0	0	0	0	0
Mdh2	39.000000	0	0	234	0	0	0	0
Dpagt1	39.000000	0	82	152	0	0	0	0
Clint1	39.000000	0	0	234	0	0	0	0
Cdkl2	39.000000	111	123	0	0	0	0	0
Rexo2	38.833333	0	147	86	0	0	0	0
Mrpl58	38.833333	0	0	233	0	0	0	0
Ergic2	38.833333	119	114	0	0	0	0	0
Birc3	38.833333	0	0	0	233	0	0	0
Urb1	38.666667	123	109	0	0	0	0	0
Ubfd1	38.666667	95	137	0	0	0	0	0
Itk	38.666667	0	0	232	0	0	0	0
Ears2	38.666667	95	137	0	0	0	0	0
Dennd6a	38.666667	232	0	0	0	0	0	0
Zfp563	38.500000	139	92	0	0	0	0	0
Slc26a8	38.500000	136	95	0	0	0	0	0
Pfn4	38.500000	108	123	0	0	0	0	0
Osbpl5	38.500000	95	136	0	0	0	0	0
Olfr67	38.500000	0	0	0	231	0	0	0
Mapk14	38.500000	136	95	0	0	0	0	0
Hnrnpa2b1	38.500000	0	0	231	0	0	0	0
Exosc5	38.500000	95	0	136	0	0	0	0
Cbx3	38.500000	0	0	231	0	0	0	0
Bcl7b	38.500000	92	0	139	0	0	0	0
Bckdha	38.500000	95	0	136	0	0	0	0
Ate1	38.500000	139	92	0	0	0	0	0
2310057J18Rik	38.500000	0	231	0	0	0	0	0
Klhl24	38.333333	96	134	0	0	0	0	0
Haus6	38.333333	0	0	230	0	0	0	0
H2-M5	38.333333	0	0	230	0	0	0	0
Tamm41	38.166667	130	99	0	0	0	0	0
Szrd1	38.166667	121	108	0	0	0	0	0
Hsf4	38.166667	0	131	98	0	0	0	0
Atp5o	38.166667	0	106	0	0	123	0	0
Slc35b4	38.000000	131	97	0	0	0	0	0
Haspin	38.000000	0	0	228	0	0	0	0
Arl6ip1	38.000000	0	102	126	0	0	0	0
Ttc14	37.833333	0	0	227	0	0	0	0
Tdg	37.833333	227	0	0	0	0	0	0
Pgm1	37.833333	110	0	117	0	0	0	0
Pdcd11	37.833333	79	148	0	0	0	0	0
Dlk2	37.833333	0	227	0	0	0	0	0
Capn1	37.833333	0	227	0	0	0	0	0
Atp5md	37.833333	79	148	0	0	0	0	0
Sipa1l3	37.666667	0	226	0	0	0	0	0
Gm11541	37.666667	0	0	0	0	226	0	0
Ccnc	37.666667	0	0	226	0	0	0	0
Tnpo1	37.500000	0	0	225	0	0	0	0
Rabif	37.500000	106	119	0	0	0	0	0
Ptms	37.500000	0	0	225	0	0	0	0
Lag3	37.500000	0	0	225	0	0	0	0
Dhtkd1	37.500000	110	115	0	0	0	0	0
Clec4a1	37.500000	0	0	0	98	0	127	0
Zfp207	37.333333	224	0	0	0	0	0	0
Stx7	37.333333	0	224	0	0	0	0	0
Itgb3bp	37.333333	0	0	224	0	0	0	0
Efcab7	37.333333	0	0	224	0	0	0	0
Cd99l2	37.333333	128	96	0	0	0	0	0
Abcf1	37.333333	0	224	0	0	0	0	0
Slc37a4	37.166667	67	156	0	0	0	0	0
Nrgn	37.166667	0	0	223	0	0	0	0
Eif4a3	37.166667	0	0	223	0	0	0	0
Cyp20a1	37.166667	93	130	0	0	0	0	0
Unc13a	37.000000	0	0	222	0	0	0	0
Smg8	37.000000	0	0	222	0	0	0	0
Shprh	37.000000	0	0	222	0	0	0	0
Pde1c	37.000000	0	0	222	0	0	0	0
Morc3	37.000000	0	222	0	0	0	0	0
Ldah	37.000000	134	88	0	0	0	0	0
Jak3	37.000000	0	0	222	0	0	0	0
Cd96	37.000000	0	0	222	0	0	0	0
Camkk1	37.000000	0	0	222	0	0	0	0
Adamts1	37.000000	0	222	0	0	0	0	0
Tmem144	36.833333	0	86	0	135	0	0	0
Fam214a	36.833333	107	114	0	0	0	0	0
Dlgap4	36.833333	221	0	0	0	0	0	0
Cops8	36.833333	116	105	0	0	0	0	0
Ap3s2	36.833333	0	0	221	0	0	0	0
Trdmt1	36.666667	0	0	220	0	0	0	0
Ptcd2	36.666667	82	138	0	0	0	0	0
Mrps27	36.666667	82	138	0	0	0	0	0
Mri1	36.666667	135	85	0	0	0	0	0
Mllt1	36.666667	0	120	100	0	0	0	0
Ext2	36.666667	220	0	0	0	0	0	0
Tmem128	36.500000	0	0	219	0	0	0	0
Tctn3	36.500000	99	120	0	0	0	0	0
Stoml2	36.500000	94	125	0	0	0	0	0
Polr1b	36.500000	0	0	219	0	0	0	0
Oxr1	36.500000	111	0	108	0	0	0	0
Hint3	36.500000	0	115	104	0	0	0	0
Entpd1	36.500000	99	120	0	0	0	0	0
Ankzf1	36.500000	0	0	0	91	0	128	0
Alkbh3	36.500000	0	0	219	0	0	0	0
Actr3	36.500000	0	127	92	0	0	0	0
Usp35	36.333333	0	0	218	0	0	0	0
Tmem273	36.333333	0	0	218	0	0	0	0
Pstk	36.333333	0	0	218	0	0	0	0
Naaa	36.333333	0	0	0	218	0	0	0
Kctd21	36.333333	0	0	218	0	0	0	0
Gask1b	36.333333	0	218	0	0	0	0	0
Sh2d1b2	36.166667	0	0	217	0	0	0	0
Ppp3ca	36.166667	217	0	0	0	0	0	0
Kri1	36.166667	0	0	217	0	0	0	0
Gck	36.166667	0	217	0	0	0	0	0
Cplx3	36.166667	112	105	0	0	0	0	0
Cdkn2d	36.166667	0	0	217	0	0	0	0
B3gnt2	36.166667	77	0	140	0	0	0	0
Ano6	36.166667	0	0	217	0	0	0	0
Zfp451	36.000000	0	216	0	0	0	0	0
Wbp11	36.000000	115	101	0	0	0	0	0
Usp36	36.000000	119	0	97	0	0	0	0
Smg7	36.000000	0	216	0	0	0	0	0
Rab44	36.000000	0	0	216	0	0	0	0
Osm	36.000000	0	0	216	0	0	0	0
Klf11	36.000000	118	98	0	0	0	0	0
Denn2b	36.000000	0	216	0	0	0	0	0
Cmtm2b	36.000000	0	0	216	0	0	0	0
Chpf2	36.000000	0	216	0	0	0	0	0
BC049715	36.000000	115	101	0	0	0	0	0
Arg1	36.000000	0	0	0	216	0	0	0
Tgoln2	35.833333	215	0	0	0	0	0	0
Tgoln1	35.833333	215	0	0	0	0	0	0
Magt1	35.833333	215	0	0	0	0	0	0
Ly6g6f	35.833333	113	102	0	0	0	0	0
Cox7b	35.833333	215	0	0	0	0	0	0
Cdk5rap3	35.833333	215	0	0	0	0	0	0
Abhd16a	35.833333	113	102	0	0	0	0	0
Chka	35.666667	0	214	0	0	0	0	0
Blm	35.666667	68	146	0	0	0	0	0
Tspan3	35.500000	0	213	0	0	0	0	0
Rubcn	35.500000	0	213	0	0	0	0	0
Rabgef1	35.500000	0	0	213	0	0	0	0
Cd244a	35.500000	0	0	213	0	0	0	0
Ubr7	35.333333	122	90	0	0	0	0	0
Slc39a11	35.333333	97	115	0	0	0	0	0
Sfrp4	35.333333	117	95	0	0	0	0	0
Hapln2	35.333333	212	0	0	0	0	0	0
Gpn3	35.333333	0	88	124	0	0	0	0
Gon7	35.333333	122	90	0	0	0	0	0
Gm20604	35.333333	122	90	0	0	0	0	0
Fam216a	35.333333	0	88	124	0	0	0	0
Epdr1	35.333333	117	95	0	0	0	0	0
Cfap97	35.333333	116	96	0	0	0	0	0
Cd80	35.333333	0	0	0	121	0	91	0
Brf2	35.333333	0	0	212	0	0	0	0
Tsga10	35.166667	84	127	0	0	0	0	0
Tmem17	35.166667	0	111	100	0	0	0	0
Tars	35.166667	71	0	140	0	0	0	0
St6galnac3	35.166667	0	211	0	0	0	0	0
Scap	35.166667	211	0	0	0	0	0	0
Jmjd1c	35.166667	0	211	0	0	0	0	0
Gfpt1	35.166667	122	89	0	0	0	0	0
Ddx56	35.166667	0	0	211	0	0	0	0
Banp	35.166667	0	0	211	0	0	0	0
Zc3h6	35.000000	108	0	102	0	0	0	0
Ybey	35.000000	0	0	210	0	0	0	0
Ssbp3	35.000000	0	210	0	0	0	0	0
Mcm3ap	35.000000	0	0	210	0	0	0	0
Ebf4	35.000000	0	210	0	0	0	0	0
Dock2	35.000000	0	0	210	0	0	0	0
Anapc5	35.000000	0	0	210	0	0	0	0
Vill	34.833333	0	0	209	0	0	0	0
Rgl1	34.833333	209	0	0	0	0	0	0
Nexn	34.833333	0	0	209	0	0	0	0
Mreg	34.833333	0	209	0	0	0	0	0
Mfsd8	34.833333	130	79	0	0	0	0	0
Med23	34.833333	0	0	209	0	0	0	0
Hccs	34.833333	95	0	114	0	0	0	0
Gucy2f	34.833333	0	209	0	0	0	0	0
Gm15246	34.833333	95	0	114	0	0	0	0
Arpc5	34.833333	209	0	0	0	0	0	0
Alcam	34.833333	102	107	0	0	0	0	0
Ttll12	34.666667	77	131	0	0	0	0	0
Tmem121b	34.666667	0	208	0	0	0	0	0
Slc35a4	34.666667	0	208	0	0	0	0	0
Ifi30	34.666667	97	111	0	0	0	0	0
Cxcr4	34.666667	0	0	0	208	0	0	0
Cmas	34.666667	0	208	0	0	0	0	0
Arfgap3	34.666667	0	108	100	0	0	0	0
Apbb3	34.666667	0	208	0	0	0	0	0
Apbb1ip	34.666667	0	0	0	208	0	0	0
Zfp746	34.500000	0	0	207	0	0	0	0
Thumpd1	34.500000	78	129	0	0	0	0	0
Stard9	34.500000	95	112	0	0	0	0	0
Sec22b	34.500000	0	0	207	0	0	0	0
Samd4	34.500000	0	207	0	0	0	0	0
Ing3	34.500000	0	207	0	0	0	0	0
Dntt	34.500000	0	0	207	0	0	0	0
Zcwpw2	34.333333	108	0	0	98	0	0	0
Stpg2	34.333333	110	96	0	0	0	0	0
Sbf1	34.333333	0	0	206	0	0	0	0
Prpf38b	34.333333	99	107	0	0	0	0	0
Eef2	34.333333	206	0	0	0	0	0	0
Cacng8	34.333333	0	0	206	0	0	0	0
Azi2	34.333333	108	0	0	98	0	0	0
Agt	34.333333	0	206	0	0	0	0	0
Zfp1	34.166667	0	205	0	0	0	0	0
Npas4	34.166667	0	0	205	0	0	0	0
Mafg	34.166667	205	0	0	0	0	0	0
Ammecr1l	34.166667	100	105	0	0	0	0	0
Ywhae	34.000000	117	87	0	0	0	0	0
Soga1	34.000000	0	0	0	204	0	0	0
Slc26a2	34.000000	0	89	115	0	0	0	0
Rps19	34.000000	0	0	204	0	0	0	0
Polg	34.000000	0	204	0	0	0	0	0
Mnat1	34.000000	0	0	204	0	0	0	0
Mbd3	34.000000	0	98	106	0	0	0	0
Malt1	34.000000	0	0	204	0	0	0	0
Irs2	34.000000	204	0	0	0	0	0	0
Ints12	34.000000	0	0	204	0	0	0	0
Gstcd	34.000000	0	0	204	0	0	0	0
Gphn	34.000000	109	95	0	0	0	0	0
Dglucy	34.000000	0	96	0	108	0	0	0
Mcl1	33.833333	134	0	69	0	0	0	0
Gpr137	33.833333	0	0	203	0	0	0	0
Gnaz	33.833333	0	0	203	0	0	0	0
Ezh2	33.833333	203	0	0	0	0	0	0
Bad	33.833333	0	0	203	0	0	0	0
Appl2	33.833333	0	0	203	0	0	0	0
4930512M02Rik	33.833333	0	0	203	0	0	0	0
Zfp2	33.666667	115	87	0	0	0	0	0
Ap1m1	33.666667	88	0	114	0	0	0	0
Pih1d2	33.500000	121	0	80	0	0	0	0
Nkapd1	33.500000	121	0	80	0	0	0	0
Exd2	33.500000	110	91	0	0	0	0	0
Cyp27a1	33.500000	0	0	0	201	0	0	0
Acsf3	33.500000	0	0	201	0	0	0	0
9130401M01Rik	33.500000	115	86	0	0	0	0	0
Vps26a	33.333333	200	0	0	0	0	0	0
Slc35f6	33.333333	91	109	0	0	0	0	0
Psmg1	33.333333	101	99	0	0	0	0	0
Pms2	33.333333	0	200	0	0	0	0	0
Pld2	33.333333	0	0	200	0	0	0	0
Eprs	33.333333	0	200	0	0	0	0	0
Dtx4	33.333333	0	0	200	0	0	0	0
Dnajb9	33.333333	138	62	0	0	0	0	0
Arhgap25	33.333333	0	0	200	0	0	0	0
Aimp2	33.333333	0	200	0	0	0	0	0
Rraga	33.166667	0	0	199	0	0	0	0
Rnf141	33.166667	101	0	0	98	0	0	0
Pthlh	33.166667	0	199	0	0	0	0	0
Galnt6	33.166667	0	0	199	0	0	0	0
Ext1	33.166667	0	0	0	199	0	0	0
Evi2a	33.166667	0	0	199	0	0	0	0
Evi2	33.166667	0	0	199	0	0	0	0
Celf1	33.166667	123	76	0	0	0	0	0
Stx1a	33.000000	0	0	198	0	0	0	0
Sos1	33.000000	0	0	198	0	0	0	0
Rtraf	33.000000	0	198	0	0	0	0	0
Rora	33.000000	0	198	0	0	0	0	0
H2bc12	33.000000	0	0	198	0	0	0	0
H2ac12	33.000000	0	0	198	0	0	0	0
Coa8	33.000000	0	0	198	0	0	0	0
Bag5	33.000000	0	0	198	0	0	0	0
Arhgap42	33.000000	0	198	0	0	0	0	0
Ankfy1	33.000000	0	0	198	0	0	0	0
Vmn2r4	32.833333	197	0	0	0	0	0	0
Tmem248	32.833333	94	103	0	0	0	0	0
Tmem140	32.833333	0	197	0	0	0	0	0
Tbata	32.833333	0	197	0	0	0	0	0
Slc6a18	32.833333	0	0	197	0	0	0	0
Ly6g5c	32.833333	0	0	197	0	0	0	0
Dync1h1	32.833333	197	0	0	0	0	0	0
Dennd1a	32.833333	0	0	0	0	197	0	0
Cyth3	32.833333	95	0	102	0	0	0	0
Bfsp2	32.833333	0	197	0	0	0	0	0
Ankrd40	32.833333	0	0	197	0	0	0	0
Wnk1	32.666667	0	0	0	196	0	0	0
Kit	32.666667	0	0	196	0	0	0	0
Edem2	32.666667	100	96	0	0	0	0	0
Dennd4a	32.666667	0	0	196	0	0	0	0
Camk2n2	32.666667	0	196	0	0	0	0	0
Arhgap45	32.666667	0	0	196	0	0	0	0
Stard7	32.500000	103	92	0	0	0	0	0
Smad7	32.500000	0	195	0	0	0	0	0
Morf4l2	32.500000	0	0	195	0	0	0	0
Mideas	32.500000	96	99	0	0	0	0	0
Mcm10	32.500000	0	195	0	0	0	0	0
Klhl20	32.500000	0	0	195	0	0	0	0
Stpg3	32.333333	0	0	194	0	0	0	0
Sh3bp5	32.333333	0	194	0	0	0	0	0
Psmc2	32.333333	0	0	194	0	0	0	0
Nelfb	32.333333	0	0	194	0	0	0	0
H3c2	32.333333	0	0	194	0	0	0	0
H2bc3	32.333333	0	0	194	0	0	0	0
H2ac4	32.333333	0	0	194	0	0	0	0
Fam8a1	32.333333	0	0	194	0	0	0	0
Dnajc2	32.333333	0	0	194	0	0	0	0
Bzw1	32.333333	85	109	0	0	0	0	0
Tuba8	32.166667	0	0	193	0	0	0	0
Smim17	32.166667	0	0	193	0	0	0	0
Slx4	32.166667	95	98	0	0	0	0	0
Lyg1	32.166667	0	193	0	0	0	0	0
Hcar2	32.166667	0	0	0	193	0	0	0
Gtf3c5	32.166667	0	0	193	0	0	0	0
Fblim1	32.166667	0	0	193	0	0	0	0
Yipf2	32.000000	0	0	192	0	0	0	0
Tma16	32.000000	0	0	192	0	0	0	0
Timm29	32.000000	0	0	192	0	0	0	0
Tcf7l1	32.000000	0	0	192	0	0	0	0
Snrnp200	32.000000	0	0	192	0	0	0	0
Pus10	32.000000	0	0	192	0	0	0	0
Plekhb2	32.000000	99	93	0	0	0	0	0
Map4k5	32.000000	0	192	0	0	0	0	0
Kifc3	32.000000	192	0	0	0	0	0	0
Cdk6	32.000000	192	0	0	0	0	0	0
Atl1	32.000000	0	192	0	0	0	0	0
Adh5	32.000000	90	102	0	0	0	0	0
1810024B03Rik	32.000000	0	0	192	0	0	0	0
Tyw5	31.833333	0	0	191	0	0	0	0
Tnfsf14	31.833333	0	0	191	0	0	0	0
Ptpn14	31.833333	0	191	0	0	0	0	0
Mtpn	31.833333	191	0	0	0	0	0	0
Mcoln2	31.833333	0	191	0	0	0	0	0
Maip1	31.833333	0	0	191	0	0	0	0
Iqch	31.833333	0	0	191	0	0	0	0
Heatr6	31.833333	73	0	118	0	0	0	0
Exoc5	31.833333	0	0	191	0	0	0	0
Bag6	31.833333	83	108	0	0	0	0	0
Apom	31.833333	83	108	0	0	0	0	0
Ap5m1	31.833333	0	0	191	0	0	0	0
Aagab	31.833333	0	0	191	0	0	0	0
Tspyl1	31.666667	0	0	190	0	0	0	0
Pold2	31.666667	0	190	0	0	0	0	0
Ndufc1	31.666667	190	0	0	0	0	0	0
Fem1a	31.666667	0	190	0	0	0	0	0
Cry1	31.666667	0	129	61	0	0	0	0
Tchp	31.500000	189	0	0	0	0	0	0
Snrnp48	31.500000	189	0	0	0	0	0	0
Slc25a33	31.500000	0	0	189	0	0	0	0
Padi4	31.500000	0	189	0	0	0	0	0
Ints5	31.500000	0	0	189	0	0	0	0
Fbxo8	31.500000	0	189	0	0	0	0	0
Cep44	31.500000	0	189	0	0	0	0	0
Cd22	31.500000	0	0	189	0	0	0	0
Acap2	31.500000	0	189	0	0	0	0	0
1810009A15Rik	31.500000	0	0	189	0	0	0	0
Plk5	31.333333	188	0	0	0	0	0	0
Crem	31.333333	0	188	0	0	0	0	0
Acat1	31.333333	0	188	0	0	0	0	0
Tmem65	31.166667	0	0	187	0	0	0	0
Slk	31.166667	0	187	0	0	0	0	0
Pelp1	31.166667	91	96	0	0	0	0	0
Napsa	31.166667	0	187	0	0	0	0	0
Lrrc58	31.166667	0	0	187	0	0	0	0
Hsdl1	31.166667	0	0	187	0	0	0	0
Fabp7	31.166667	0	187	0	0	0	0	0
Dync2h1	31.166667	0	0	187	0	0	0	0
Dnaaf1	31.166667	0	0	187	0	0	0	0
Dcun1d5	31.166667	0	0	187	0	0	0	0
Col14a1	31.166667	0	187	0	0	0	0	0
Cnih1	31.166667	0	187	0	0	0	0	0
Cd34	31.166667	0	0	187	0	0	0	0
Utp3	31.000000	0	0	186	0	0	0	0
Tifab	31.000000	0	0	0	186	0	0	0
Olfr110	31.000000	0	0	0	186	0	0	0
Mrpl52	31.000000	0	0	186	0	0	0	0
Mmp14	31.000000	0	0	186	0	0	0	0
Map4k1	31.000000	85	101	0	0	0	0	0
Kcnn4	31.000000	0	0	186	0	0	0	0
Itgae	31.000000	0	0	186	0	0	0	0
Eml2	31.000000	0	0	186	0	0	0	0
Eif3k	31.000000	85	101	0	0	0	0	0
Dtwd2	31.000000	90	96	0	0	0	0	0
Commd3	31.000000	0	0	186	0	0	0	0
Bmi1	31.000000	0	0	186	0	0	0	0
Aurkaip1	31.000000	82	0	104	0	0	0	0
Trim7	30.833333	0	185	0	0	0	0	0
Tmem59l	30.833333	0	185	0	0	0	0	0
Tfg	30.833333	59	126	0	0	0	0	0
Smim13	30.833333	87	98	0	0	0	0	0
Sipa1	30.833333	0	0	0	0	185	0	0
Ptger3	30.833333	0	0	185	0	0	0	0
Olfr480	30.833333	0	0	185	0	0	0	0
Lmod3	30.833333	0	185	0	0	0	0	0
H3c11	30.833333	0	0	185	0	0	0	0
H2bc22	30.833333	0	0	185	0	0	0	0
H2ac22	30.833333	0	0	185	0	0	0	0
Crlf1	30.833333	0	185	0	0	0	0	0
Alox5ap	30.833333	0	0	0	185	0	0	0
Aak1	30.833333	0	185	0	0	0	0	0
Zhx2	30.666667	0	184	0	0	0	0	0
Ube2k	30.666667	184	0	0	0	0	0	0
Tyrobp	30.666667	0	0	184	0	0	0	0
Trnp1	30.666667	0	0	184	0	0	0	0
Tars2	30.666667	0	0	184	0	0	0	0
Sdha	30.666667	184	0	0	0	0	0	0
Rbm26	30.666667	0	0	184	0	0	0	0
Nsa2	30.666667	0	0	184	0	0	0	0
Mcam	30.666667	0	184	0	0	0	0	0
Gng11	30.666667	184	0	0	0	0	0	0
Gfm2	30.666667	0	0	184	0	0	0	0
Cep135	30.666667	0	0	184	0	0	0	0
Ccdc127	30.666667	184	0	0	0	0	0	0
Bicd1	30.666667	86	98	0	0	0	0	0
Plxnb2	30.500000	0	183	0	0	0	0	0
Pex10	30.500000	0	183	0	0	0	0	0
Mxd3	30.500000	0	183	0	0	0	0	0
Ccnd2	30.500000	0	0	183	0	0	0	0
Ubiad1	30.333333	0	0	182	0	0	0	0
Trappc2l	30.333333	182	0	0	0	0	0	0
Tmem267	30.333333	0	182	0	0	0	0	0
Tmem214	30.333333	0	182	0	0	0	0	0
Taz	30.333333	0	0	182	0	0	0	0
Slc29a1	30.333333	0	0	182	0	0	0	0
Rassf5	30.333333	0	0	182	0	0	0	0
Mymx	30.333333	0	0	182	0	0	0	0
Mtor	30.333333	0	0	182	0	0	0	0
Mafb	30.333333	0	0	182	0	0	0	0
Lin54	30.333333	182	0	0	0	0	0	0
Gpatch8	30.333333	0	0	182	0	0	0	0
Galns	30.333333	182	0	0	0	0	0	0
Dnase1l1	30.333333	0	0	182	0	0	0	0
Cited2	30.333333	0	0	182	0	0	0	0
Amot	30.333333	0	0	182	0	0	0	0
2610001J05Rik	30.333333	0	0	182	0	0	0	0
Ppia	30.166667	0	0	181	0	0	0	0
Pgm2l1	30.166667	181	0	0	0	0	0	0
Get1	30.166667	93	88	0	0	0	0	0
Casc3	30.166667	181	0	0	0	0	0	0
Zfp142	30.000000	0	180	0	0	0	0	0
Stag3	30.000000	0	0	180	0	0	0	0
Pycrl	30.000000	0	180	0	0	0	0	0
Polr3d	30.000000	100	80	0	0	0	0	0
Nr4a2	30.000000	0	180	0	0	0	0	0
Mex3d	30.000000	0	180	0	0	0	0	0
Mettl9	30.000000	0	0	180	0	0	0	0
Ifrd2	30.000000	82	98	0	0	0	0	0
Gpc2	30.000000	0	0	180	0	0	0	0
Ccl1	30.000000	0	0	180	0	0	0	0
Bcs1l	30.000000	0	180	0	0	0	0	0
Ano1	30.000000	0	0	180	0	0	0	0
Aif1	30.000000	0	0	0	180	0	0	0
Zfp994	29.833333	0	179	0	0	0	0	0
Wfdc11	29.833333	0	179	0	0	0	0	0
Uhrf2	29.833333	0	0	179	0	0	0	0
Phb2	29.833333	95	84	0	0	0	0	0
Olfr920	29.833333	0	0	179	0	0	0	0
Herc6	29.833333	0	179	0	0	0	0	0
Frem3	29.833333	0	0	179	0	0	0	0
Emg1	29.833333	95	84	0	0	0	0	0
Aqp8	29.833333	0	179	0	0	0	0	0
Rbm4b	29.666667	0	0	178	0	0	0	0
Rasa1	29.666667	0	0	178	0	0	0	0
Efcc1	29.666667	0	0	178	0	0	0	0
Blmh	29.666667	0	0	178	0	0	0	0
Angel1	29.666667	0	0	178	0	0	0	0
Tmub1	29.500000	0	0	177	0	0	0	0
Tbpl1	29.500000	0	177	0	0	0	0	0
Rnf103	29.500000	0	0	177	0	0	0	0
Ptpn18	29.500000	0	0	0	177	0	0	0
Nf1	29.500000	177	0	0	0	0	0	0
Mis18a	29.500000	177	0	0	0	0	0	0
Hsbp1	29.500000	0	0	177	0	0	0	0
Gna15	29.500000	0	0	0	0	0	177	0
Agap3	29.500000	0	0	177	0	0	0	0
Zfp469	29.333333	0	176	0	0	0	0	0
Smim3	29.333333	0	0	176	0	0	0	0
Klhl35	29.333333	0	0	176	0	0	0	0
Hhatl	29.333333	0	176	0	0	0	0	0
Gm17359	29.333333	0	0	176	0	0	0	0
Cuedc1	29.333333	0	0	176	0	0	0	0
Cd200r1	29.333333	0	0	176	0	0	0	0
Ccser2	29.333333	0	176	0	0	0	0	0
Ubtd1	29.166667	175	0	0	0	0	0	0
Sat1	29.166667	0	0	175	0	0	0	0
Mms19	29.166667	175	0	0	0	0	0	0
Mkrn2os	29.166667	0	175	0	0	0	0	0
Vwa1	29.000000	174	0	0	0	0	0	0
Tmem70	29.000000	174	0	0	0	0	0	0
Slc4a11	29.000000	0	174	0	0	0	0	0
Plxnc1	29.000000	0	174	0	0	0	0	0
Kbtbd7	29.000000	0	0	174	0	0	0	0
Fuom	29.000000	174	0	0	0	0	0	0
Cdhr4	29.000000	0	174	0	0	0	0	0
Calm3	29.000000	0	0	174	0	0	0	0
Avil	29.000000	0	0	174	0	0	0	0
Tbc1d9b	28.833333	0	0	173	0	0	0	0
Srbd1	28.833333	173	0	0	0	0	0	0
Snx14	28.833333	0	173	0	0	0	0	0
Sharpin	28.833333	0	0	173	0	0	0	0
Ppp4r1	28.833333	173	0	0	0	0	0	0
Ncoa4	28.833333	0	0	173	0	0	0	0
Mtx3	28.833333	173	0	0	0	0	0	0
Map3k1	28.833333	173	0	0	0	0	0	0
Maf1	28.833333	0	0	173	0	0	0	0
Itfg2	28.833333	173	0	0	0	0	0	0
Gnptab	28.833333	0	173	0	0	0	0	0
Gm35339	28.833333	0	0	173	0	0	0	0
Cfdp1	28.833333	173	0	0	0	0	0	0
Ccdc9	28.833333	173	0	0	0	0	0	0
Bub3	28.833333	0	173	0	0	0	0	0
Arrdc5	28.833333	0	173	0	0	0	0	0
Ap4e1	28.833333	0	0	173	0	0	0	0
Abcg2	28.833333	0	173	0	0	0	0	0
Zc3hav1	28.666667	91	81	0	0	0	0	0
Tmem242	28.666667	0	0	172	0	0	0	0
Tmem182	28.666667	0	0	172	0	0	0	0
Synrg	28.666667	0	172	0	0	0	0	0
St3gal1	28.666667	172	0	0	0	0	0	0
Slc35a1	28.666667	0	0	172	0	0	0	0
Rnaset2b	28.666667	0	0	172	0	0	0	0
Nuf2	28.666667	0	0	172	0	0	0	0
Mybph	28.666667	0	0	0	172	0	0	0
Ier3	28.666667	0	0	172	0	0	0	0
Flot1	28.666667	0	0	172	0	0	0	0
F9	28.666667	0	0	0	172	0	0	0
BC048507	28.666667	0	0	172	0	0	0	0
Zmat3	28.500000	0	171	0	0	0	0	0
Slc30a9	28.500000	0	0	0	171	0	0	0
Rasgrp1	28.500000	0	0	171	0	0	0	0
Ptp4a3	28.500000	171	0	0	0	0	0	0
Ing5	28.500000	0	171	0	0	0	0	0
Il1r2	28.500000	0	0	0	171	0	0	0
Hspb7	28.500000	0	0	171	0	0	0	0
Gtf2h2	28.500000	0	0	171	0	0	0	0
Dtymk	28.500000	0	171	0	0	0	0	0
Dlg1	28.500000	171	0	0	0	0	0	0
Dclk1	28.500000	171	0	0	0	0	0	0
Cpvl	28.500000	0	0	171	0	0	0	0
Cdc14b	28.500000	171	0	0	0	0	0	0
Acbd6	28.500000	0	0	171	0	0	0	0
Zfp444	28.333333	87	83	0	0	0	0	0
Wdcp	28.333333	0	0	0	170	0	0	0
Tjp1	28.333333	0	0	170	0	0	0	0
Tex48	28.333333	0	0	170	0	0	0	0
Syt11	28.333333	0	170	0	0	0	0	0
Smim4	28.333333	0	170	0	0	0	0	0
Slc25a19	28.333333	0	0	0	170	0	0	0
Samm50	28.333333	0	170	0	0	0	0	0
Ola1	28.333333	94	76	0	0	0	0	0
Necap1	28.333333	0	0	170	0	0	0	0
Mvb12a	28.333333	0	170	0	0	0	0	0
Mpp6	28.333333	0	0	170	0	0	0	0
Cnnm3	28.333333	0	0	0	170	0	0	0
Srek1ip1	28.166667	0	0	169	0	0	0	0
Slc19a2	28.166667	76	93	0	0	0	0	0
Sart3	28.166667	0	0	0	169	0	0	0
Ptprj	28.166667	0	169	0	0	0	0	0
Psd	28.166667	0	0	169	0	0	0	0
Lzts2	28.166667	0	169	0	0	0	0	0
Iscu	28.166667	0	0	0	169	0	0	0
Hsd17b7	28.166667	0	169	0	0	0	0	0
Fbxl15	28.166667	0	0	169	0	0	0	0
Ddx39b	28.166667	0	169	0	0	0	0	0
Cwc27	28.166667	0	0	169	0	0	0	0
Zkscan6	28.000000	168	0	0	0	0	0	0
Tmco3	28.000000	88	0	80	0	0	0	0
Synj2	28.000000	0	0	168	0	0	0	0
Psmb10	28.000000	0	0	168	0	0	0	0
Osbpl11	28.000000	0	0	168	0	0	0	0
Nlrp3	28.000000	0	0	168	0	0	0	0
Lcat	28.000000	0	0	168	0	0	0	0
Kansl1	28.000000	168	0	0	0	0	0	0
Igfn1	28.000000	0	168	0	0	0	0	0
Furin	28.000000	0	168	0	0	0	0	0
Dcun1d2	28.000000	88	0	80	0	0	0	0
Ctrl	28.000000	0	0	168	0	0	0	0
Uggt2	27.833333	0	167	0	0	0	0	0
Tubg1	27.833333	0	167	0	0	0	0	0
Tubb5	27.833333	0	167	0	0	0	0	0
Tomm34	27.833333	167	0	0	0	0	0	0
Tmem37	27.833333	0	0	0	167	0	0	0
Sike1	27.833333	0	167	0	0	0	0	0
S100b	27.833333	0	167	0	0	0	0	0
Retreg3	27.833333	0	167	0	0	0	0	0
Pafah2	27.833333	60	0	107	0	0	0	0
Nek7	27.833333	0	0	167	0	0	0	0
Mdc1	27.833333	0	167	0	0	0	0	0
Id3	27.833333	0	167	0	0	0	0	0
Hdac10	27.833333	0	167	0	0	0	0	0
Ccdc107	27.833333	0	0	167	0	0	0	0
Akt1	27.833333	0	167	0	0	0	0	0
Stub1	27.666667	166	0	0	0	0	0	0
Rhbdl1	27.666667	166	0	0	0	0	0	0
Rasip1	27.666667	0	0	166	0	0	0	0
Ppp4r2	27.666667	0	166	0	0	0	0	0
Peli1	27.666667	0	166	0	0	0	0	0
Nubp1	27.666667	0	166	0	0	0	0	0
Myo6	27.666667	0	166	0	0	0	0	0
Klf6	27.666667	0	0	166	0	0	0	0
Jmjd8	27.666667	166	0	0	0	0	0	0
Izumo1	27.666667	0	0	166	0	0	0	0
Impdh2	27.666667	0	166	0	0	0	0	0
Hdac2	27.666667	0	166	0	0	0	0	0
Haus1	27.666667	0	166	0	0	0	0	0
Clps	27.666667	0	166	0	0	0	0	0
Atxn7l1	27.666667	0	166	0	0	0	0	0
Atp5a1	27.666667	0	166	0	0	0	0	0
Arf3	27.666667	0	0	166	0	0	0	0
Vps39	27.500000	0	0	165	0	0	0	0
Tbc1d15	27.500000	0	165	0	0	0	0	0
Syt4	27.500000	0	165	0	0	0	0	0
Selenof	27.500000	0	0	165	0	0	0	0
Mill2	27.500000	0	165	0	0	0	0	0
Mbp	27.500000	0	0	165	0	0	0	0
Mapk15	27.500000	0	165	0	0	0	0	0
Hs2st1	27.500000	0	0	165	0	0	0	0
Fundc2	27.500000	0	165	0	0	0	0	0
F8	27.500000	0	165	0	0	0	0	0
Dnmt3a	27.500000	0	165	0	0	0	0	0
Cmtm1	27.500000	0	165	0	0	0	0	0
Cep70	27.500000	0	0	165	0	0	0	0
Cd276	27.500000	0	0	165	0	0	0	0
Ccz1	27.500000	0	0	165	0	0	0	0
Tmco1	27.333333	164	0	0	0	0	0	0
Polk	27.333333	0	164	0	0	0	0	0
Pi4k2b	27.333333	0	0	164	0	0	0	0
Ntng2	27.333333	0	0	164	0	0	0	0
Kif16b	27.333333	0	164	0	0	0	0	0
Gtpbp3	27.333333	0	0	164	0	0	0	0
Dusp1	27.333333	0	164	0	0	0	0	0
Dscc1	27.333333	0	164	0	0	0	0	0
Cert1	27.333333	0	164	0	0	0	0	0
Cacnb4	27.333333	0	0	164	0	0	0	0
Ano8	27.333333	0	0	164	0	0	0	0
Zfp871	27.166667	0	0	163	0	0	0	0
Tnpo2	27.166667	0	163	0	0	0	0	0
Rrh	27.166667	0	163	0	0	0	0	0
Lims1	27.166667	0	0	0	163	0	0	0
Kat5	27.166667	0	163	0	0	0	0	0
Ireb2	27.166667	0	0	163	0	0	0	0
Hpn	27.166667	0	0	163	0	0	0	0
Cers2	27.166667	0	163	0	0	0	0	0
Bag3	27.166667	163	0	0	0	0	0	0
Arpc1b	27.166667	0	0	0	0	0	163	0
Anxa9	27.166667	0	163	0	0	0	0	0
Adgrf2	27.166667	163	0	0	0	0	0	0
Tsn	27.000000	0	0	162	0	0	0	0
Spry4	27.000000	0	162	0	0	0	0	0
Rps7	27.000000	0	0	162	0	0	0	0
Rpl35	27.000000	0	0	162	0	0	0	0
Plaa	27.000000	85	77	0	0	0	0	0
Parp10	27.000000	0	0	162	0	0	0	0
Ift74	27.000000	162	0	0	0	0	0	0
Grina	27.000000	0	0	162	0	0	0	0
Gpaa1	27.000000	0	0	162	0	0	0	0
Fam89b	27.000000	0	0	162	0	0	0	0
Exosc4	27.000000	0	0	162	0	0	0	0
Ehbp1l1	27.000000	0	0	162	0	0	0	0
Dstyk	27.000000	0	0	162	0	0	0	0
Ddx17	27.000000	0	0	162	0	0	0	0
Cd2bp2	27.000000	0	162	0	0	0	0	0
Catsperg1	27.000000	0	0	0	162	0	0	0
Arpc5l	27.000000	0	0	162	0	0	0	0
Arfip1	27.000000	72	90	0	0	0	0	0
Vwa8	26.833333	0	161	0	0	0	0	0
Tmem183a	26.833333	0	161	0	0	0	0	0
Theg	26.833333	0	0	0	0	161	0	0
Stxbp4	26.833333	0	0	161	0	0	0	0
Rsrp1	26.833333	0	0	161	0	0	0	0
Polr3h	26.833333	0	81	80	0	0	0	0
Pakap	26.833333	161	0	0	0	0	0	0
Grcc10	26.833333	0	161	0	0	0	0	0
Cox11	26.833333	0	0	161	0	0	0	0
Cnot10	26.833333	0	0	161	0	0	0	0
Clptm1	26.833333	0	0	0	0	0	161	0
Atxn7l2	26.833333	0	0	161	0	0	0	0
Adamts13	26.833333	0	0	0	161	0	0	0
Irf4	26.666667	0	160	0	0	0	0	435
Slc5a10	26.666667	0	160	0	0	0	0	0
Polr3e	26.666667	0	160	0	0	0	0	0
Plpp2	26.666667	160	0	0	0	0	0	0
Osmr	26.666667	0	160	0	0	0	0	0
Nvl	26.666667	0	0	160	0	0	0	0
Nat8l	26.666667	0	0	160	0	0	0	0
Kazald1	26.666667	0	0	160	0	0	0	0
Fam210b	26.666667	0	160	0	0	0	0	0
Eif4a1	26.666667	0	0	160	0	0	0	0
Atad3a	26.666667	0	160	0	0	0	0	0
Angpt2	26.666667	0	160	0	0	0	0	0
Vmn2r56	26.500000	0	0	159	0	0	0	0
Ugp2	26.500000	0	159	0	0	0	0	0
Ttc26	26.500000	0	0	159	0	0	0	0
Tmem131l	26.500000	159	0	0	0	0	0	0
Tmem120b	26.500000	0	0	159	0	0	0	0
Tcf25	26.500000	0	0	159	0	0	0	0
Taf5	26.500000	159	0	0	0	0	0	0
P3h2	26.500000	159	0	0	0	0	0	0
Lgals3bp	26.500000	0	159	0	0	0	0	0
L3hypdh	26.500000	159	0	0	0	0	0	0
Jkamp	26.500000	159	0	0	0	0	0	0
Dnajb2	26.500000	0	159	0	0	0	0	0
Coa3	26.500000	0	159	0	0	0	0	0
Cntd1	26.500000	0	159	0	0	0	0	0
Cdk11b	26.500000	0	0	159	0	0	0	0
Atp13a3	26.500000	0	0	159	0	0	0	0
Apol9b	26.500000	0	0	159	0	0	0	0
Zfyve16	26.333333	158	0	0	0	0	0	0
Tmem87b	26.333333	0	158	0	0	0	0	0
Taok2	26.333333	0	158	0	0	0	0	0
Scin	26.333333	0	0	158	0	0	0	0
S1pr3	26.333333	0	0	158	0	0	0	0
Rrp8	26.333333	0	0	158	0	0	0	0
Ppp6r2	26.333333	0	0	158	0	0	0	0
Plpp1	26.333333	0	0	0	158	0	0	0
Mrpl16	26.333333	0	0	0	158	0	0	0
Mapk3	26.333333	0	0	158	0	0	0	0
Ilk	26.333333	0	0	158	0	0	0	0
Hexim2	26.333333	0	158	0	0	0	0	0
Gstp3	26.333333	0	158	0	0	0	0	0
Emp1	26.333333	0	0	158	0	0	0	0
Ddx20	26.333333	0	0	158	0	0	0	0
Clptm1l	26.333333	0	158	0	0	0	0	0
Bbs4	26.333333	0	0	158	0	0	0	0
Wdr43	26.166667	0	0	157	0	0	0	0
Slc35f5	26.166667	157	0	0	0	0	0	0
Fam221a	26.166667	157	0	0	0	0	0	0
C4b	26.166667	0	0	0	0	157	0	0
Wee1	26.000000	156	0	0	0	0	0	0
Rcor3	26.000000	156	0	0	0	0	0	0
Rab37	26.000000	0	0	156	0	0	0	0
Otor	26.000000	0	0	0	156	0	0	0
Mcrip1	26.000000	0	0	156	0	0	0	0
Gm19774	26.000000	0	0	0	156	0	0	0
Zfand3	25.833333	155	0	0	0	0	0	0
Wfdc1	25.833333	0	155	0	0	0	0	0
Ubxn11	25.833333	0	0	155	0	0	0	0
Tmem64	25.833333	0	155	0	0	0	0	0
Tbc1d19	25.833333	0	0	155	0	0	0	0
Tas1r1	25.833333	0	0	155	0	0	0	0
Swi5	25.833333	155	0	0	0	0	0	0
Serpina9	25.833333	0	155	0	0	0	0	0
Rnf166	25.833333	0	0	155	0	0	0	0
Reep3	25.833333	0	0	155	0	0	0	0
Nol9	25.833333	0	0	155	0	0	0	0
Lrch4	25.833333	0	0	0	0	155	0	0
Itgb7	25.833333	0	0	155	0	0	0	0
Golga2	25.833333	155	0	0	0	0	0	0
Fbxo24	25.833333	0	0	0	0	155	0	0
Cul9	25.833333	0	0	155	0	0	0	0
Ctu2	25.833333	0	0	155	0	0	0	0
Cox4i2	25.833333	0	0	0	155	0	0	0
C330007P06Rik	25.833333	0	155	0	0	0	0	0
Atg7	25.833333	0	0	155	0	0	0	0
Xpo6	25.666667	154	0	0	0	0	0	0
Wdr31	25.666667	0	0	154	0	0	0	0
Plau	25.666667	0	154	0	0	0	0	0
Lonp2	25.666667	0	0	154	0	0	0	0
Kcnu1	25.666667	0	0	154	0	0	0	0
Irak1	25.666667	0	0	154	0	0	0	0
Ints14	25.666667	0	0	154	0	0	0	0
Hip1	25.666667	0	154	0	0	0	0	0
Gtf2b	25.666667	154	0	0	0	0	0	0
Frmd4a	25.666667	0	0	154	0	0	0	0
Fbxl2	25.666667	0	0	154	0	0	0	0
Fam214b	25.666667	0	0	154	0	0	0	0
Cpped1	25.666667	0	0	154	0	0	0	0
Ciz1	25.666667	0	0	154	0	0	0	0
Ash2l	25.666667	0	0	154	0	0	0	0
Antxr2	25.666667	0	0	0	0	154	0	0
Tyk2	25.500000	0	153	0	0	0	0	0
Tgif2	25.500000	0	153	0	0	0	0	0
Stim1	25.500000	0	0	153	0	0	0	0
Slc41a3	25.500000	0	0	153	0	0	0	0
Slc25a4	25.500000	153	0	0	0	0	0	0
Rccd1	25.500000	0	153	0	0	0	0	0
Gid8	25.500000	0	0	0	153	0	0	0
F2rl2	25.500000	0	0	153	0	0	0	0
Eif1ad	25.500000	0	0	153	0	0	0	0
Dido1	25.500000	0	0	0	153	0	0	0
Cyp11a1	25.500000	0	0	153	0	0	0	0
Banf1	25.500000	0	0	153	0	0	0	0
Ago4	25.500000	0	0	0	153	0	0	0
Vcpkmt	25.333333	0	0	152	0	0	0	0
Ucp2	25.333333	0	152	0	0	0	0	0
Tnfrsf9	25.333333	0	0	152	0	0	0	0
Snx20	25.333333	0	0	0	0	152	0	0
Rab29	25.333333	0	0	0	152	0	0	0
Prpf19	25.333333	0	152	0	0	0	0	0
Pomk	25.333333	0	152	0	0	0	0	0
Phldb1	25.333333	0	0	152	0	0	0	0
Parvg	25.333333	0	0	152	0	0	0	0
Nfxl1	25.333333	0	152	0	0	0	0	0
Micall2	25.333333	0	0	152	0	0	0	0
Mgl2	25.333333	0	0	0	152	0	0	0
Hes1	25.333333	0	0	152	0	0	0	0
Fam177a2	25.333333	0	152	0	0	0	0	0
Fam177a	25.333333	0	152	0	0	0	0	0
Colgalt1	25.333333	0	0	152	0	0	0	0
Ccdc134	25.333333	0	152	0	0	0	0	0
Arhgef25	25.333333	0	152	0	0	0	0	0
Prnp	25.166667	151	0	0	0	0	0	0
Prn	25.166667	151	0	0	0	0	0	0
Prdx1	25.166667	151	0	0	0	0	0	0
Mxd1	25.166667	0	0	0	151	0	0	0
Las1l	25.166667	0	0	151	0	0	0	0
Kifc2	25.166667	0	151	0	0	0	0	0
Kansl3	25.166667	151	0	0	0	0	0	0
Fer1l5	25.166667	151	0	0	0	0	0	0
Eva1c	25.166667	0	151	0	0	0	0	0
Cyhr1	25.166667	0	151	0	0	0	0	0
Cd93	25.166667	0	0	151	0	0	0	0
Bak1	25.166667	0	0	0	151	0	0	0
Abtb2	25.166667	0	151	0	0	0	0	0
Zfp846	25.000000	150	0	0	0	0	0	0
Xpo1	25.000000	0	150	0	0	0	0	0
Wwp1	25.000000	150	0	0	0	0	0	0
Ubqln4	25.000000	150	0	0	0	0	0	0
Sdc3	25.000000	0	150	0	0	0	0	0
Rab25	25.000000	150	0	0	0	0	0	0
Ogdhl	25.000000	150	0	0	0	0	0	0
Ltbp3	25.000000	0	150	0	0	0	0	0
Lamtor2	25.000000	150	0	0	0	0	0	0
Klf1	25.000000	0	150	0	0	0	0	0
Fkbp5	25.000000	150	0	0	0	0	0	0
Faf2	25.000000	0	150	0	0	0	0	0
Ccpg1os	25.000000	150	0	0	0	0	0	0
Ccpg1	25.000000	150	0	0	0	0	0	0
Ppp1r12c	24.833333	0	0	0	149	0	0	0
Pogk	24.833333	149	0	0	0	0	0	0
Nav2	24.833333	149	0	0	0	0	0	0
Mfsd13a	24.833333	0	0	149	0	0	0	0
Lrmp	24.833333	0	0	149	0	0	0	0
Fzd1	24.833333	149	0	0	0	0	0	0
Dnajc24	24.833333	0	0	149	0	0	0	0
Cyp7a1	24.833333	0	149	0	0	0	0	0
Cbl	24.833333	0	0	0	149	0	0	0
Uqcrq	24.666667	148	0	0	0	0	0	0
Sik2	24.666667	0	0	148	0	0	0	0
Sec13	24.666667	148	0	0	0	0	0	0
Rhoj	24.666667	0	148	0	0	0	0	0
Psph	24.666667	0	0	148	0	0	0	0
Psmc6	24.666667	0	0	148	0	0	0	0
Pgam1	24.666667	0	148	0	0	0	0	0
Pdlim4	24.666667	0	0	148	0	0	0	0
Nppb	24.666667	0	148	0	0	0	0	0
Mcrip2	24.666667	0	148	0	0	0	0	0
Lif	24.666667	0	148	0	0	0	0	0
Lair1	24.666667	0	0	148	0	0	0	0
Gdf9	24.666667	148	0	0	0	0	0	0
Dact3	24.666667	0	148	0	0	0	0	0
Cxcr5	24.666667	0	0	148	0	0	0	0
Clec10a	24.666667	0	0	148	0	0	0	0
Cct6a	24.666667	0	0	148	0	0	0	0
Blvra	24.666667	148	0	0	0	0	0	0
2410002F23Rik	24.666667	0	0	148	0	0	0	0
Tmbim6	24.500000	0	147	0	0	0	0	0
Riok2	24.500000	0	147	0	0	0	0	0
Itm2c	24.500000	0	0	147	0	0	0	0
Dock8	24.500000	0	0	0	0	147	0	0
Cycs	24.500000	147	0	0	0	0	0	0
Ctla2b	24.500000	0	0	147	0	0	0	0
Cdk2ap1	24.500000	147	0	0	0	0	0	0
Cd82	24.500000	0	0	147	0	0	0	0
Arl10	24.500000	0	147	0	0	0	0	0
Ago3	24.500000	147	0	0	0	0	0	0
Zfp52	24.333333	0	0	0	146	0	0	0
Vdac1	24.333333	146	0	0	0	0	0	0
Ttc36	24.333333	0	0	146	0	0	0	0
Tmem25	24.333333	0	0	146	0	0	0	0
Tex14	24.333333	0	146	0	0	0	0	0
Slc39a3	24.333333	0	0	146	0	0	0	0
Rad51c	24.333333	0	146	0	0	0	0	0
Olfr1390	24.333333	0	0	146	0	0	0	0
Mdk	24.333333	0	0	146	0	0	0	0
Kazn	24.333333	0	146	0	0	0	0	0
Hspb2	24.333333	0	146	0	0	0	0	0
Echdc1	24.333333	0	0	146	0	0	0	0
Cyp2j6	24.333333	146	0	0	0	0	0	0
Cryab	24.333333	0	146	0	0	0	0	0
Atp5g3	24.333333	0	0	146	0	0	0	0
Zadh2	24.166667	0	0	145	0	0	0	0
Unc5cl	24.166667	0	145	0	0	0	0	0
Tspo2	24.166667	0	145	0	0	0	0	0
Tshz1	24.166667	0	0	145	0	0	0	0
Tex264	24.166667	145	0	0	0	0	0	0
Ssr1	24.166667	0	0	145	0	0	0	0
Slc17a5	24.166667	0	0	145	0	0	0	0
Sfi1	24.166667	145	0	0	0	0	0	0
Prr12	24.166667	0	0	145	0	0	0	0
Osgin1	24.166667	0	145	0	0	0	0	0
Lactb	24.166667	0	0	145	0	0	0	0
Gsr	24.166667	0	0	145	0	0	0	0
Cyp26c1	24.166667	0	145	0	0	0	0	0
Cwc25	24.166667	0	0	145	0	0	0	0
Cln8	24.166667	0	0	145	0	0	0	0
Cdca7l	24.166667	77	68	0	0	0	0	0
Angpt1	24.166667	0	145	0	0	0	0	0
Zmat4	24.000000	0	0	144	0	0	0	0
Wbp1	24.000000	0	0	144	0	0	0	0
Thap4	24.000000	0	144	0	0	0	0	0
Srcap	24.000000	144	0	0	0	0	0	0
Sox11	24.000000	0	144	0	0	0	0	0
Slc6a15	24.000000	0	144	0	0	0	0	0
Slc39a8	24.000000	0	0	144	0	0	0	0
Serpinb9b	24.000000	0	144	0	0	0	0	0
Nup214	24.000000	144	0	0	0	0	0	0
Myo1f	24.000000	0	0	144	0	0	0	0
Mrto4	24.000000	144	0	0	0	0	0	0
Mrs2	24.000000	0	0	144	0	0	0	0
Mrpl42	24.000000	144	0	0	0	0	0	0
Mkrn1	24.000000	0	0	0	144	0	0	0
Misp3	24.000000	0	0	144	0	0	0	0
Mettl15	24.000000	0	0	144	0	0	0	0
Metap2	24.000000	144	0	0	0	0	0	0
Med21	24.000000	144	0	0	0	0	0	0
Kif18a	24.000000	0	0	144	0	0	0	0
Ino80b	24.000000	0	0	144	0	0	0	0
Gar1	24.000000	0	144	0	0	0	0	0
Fbxw4	24.000000	0	144	0	0	0	0	0
Emc1	24.000000	144	0	0	0	0	0	0
Dgkg	24.000000	0	0	0	144	0	0	0
Desi2	24.000000	0	144	0	0	0	0	0
B4galnt1	24.000000	0	0	0	0	144	0	0
Arl15	24.000000	144	0	0	0	0	0	0
Zfp638	23.833333	143	0	0	0	0	0	0
Tra2a	23.833333	0	143	0	0	0	0	0
Tent4a	23.833333	0	143	0	0	0	0	0
Riox2	23.833333	143	0	0	0	0	0	0
Pik3ca	23.833333	0	143	0	0	0	0	0
Esyt2	23.833333	143	0	0	0	0	0	0
Csf2rb	23.833333	0	0	143	0	0	0	0
Clk4	23.833333	0	0	143	0	0	0	0
BC049762	23.833333	0	0	143	0	0	0	0
Axin2	23.833333	0	143	0	0	0	0	0
Arhgap23	23.833333	0	143	0	0	0	0	0
Ap3b1	23.833333	75	68	0	0	0	0	0
Acacb	23.833333	0	143	0	0	0	0	0
Zranb1	23.666667	142	0	0	0	0	0	0
Zfpm1	23.666667	0	0	142	0	0	0	0
Zfp948	23.666667	0	142	0	0	0	0	0
Zfp446	23.666667	142	0	0	0	0	0	0
Ubap2	23.666667	0	142	0	0	0	0	0
Tnfrsf19	23.666667	142	0	0	0	0	0	0
Tmem97	23.666667	142	0	0	0	0	0	0
Slc39a9	23.666667	0	0	142	0	0	0	0
Pick1	23.666667	142	0	0	0	0	0	0
Nme2	23.666667	142	0	0	0	0	0	0
Ms4a6d	23.666667	0	0	0	142	0	0	0
Lpin3	23.666667	0	142	0	0	0	0	0
Igip	23.666667	0	0	0	142	0	0	0
Gpam	23.666667	0	0	142	0	0	0	0
Gabpa	23.666667	142	0	0	0	0	0	0
Fut10	23.666667	142	0	0	0	0	0	0
Eva1a	23.666667	0	142	0	0	0	0	0
Erh	23.666667	0	0	142	0	0	0	0
D5Ertd579e	23.666667	0	0	142	0	0	0	0
Cftr	23.666667	0	142	0	0	0	0	0
Ccnt2	23.666667	142	0	0	0	0	0	0
Atp5j	23.666667	142	0	0	0	0	0	0
Zscan25	23.500000	0	141	0	0	0	0	0
Wasf1	23.500000	0	141	0	0	0	0	0
Tmigd1	23.500000	0	0	141	0	0	0	0
Rpl12	23.500000	0	0	141	0	0	0	0
Nprl3	23.500000	0	0	141	0	0	0	0
Noc3l	23.500000	141	0	0	0	0	0	0
Lrsam1	23.500000	0	0	141	0	0	0	0
Herc4	23.500000	141	0	0	0	0	0	0
Ezr	23.500000	141	0	0	0	0	0	0
Clk3	23.500000	0	0	141	0	0	0	0
Cdc40	23.500000	0	141	0	0	0	0	0
Cdc16	23.500000	0	0	141	0	0	0	0
Cd300c	23.500000	0	0	141	0	0	0	0
Cd180	23.500000	0	0	141	0	0	0	0
Ap3m1	23.500000	141	0	0	0	0	0	0
Adk	23.500000	141	0	0	0	0	0	0
4931408C20Rik	23.500000	141	0	0	0	0	0	0
Trcg1	23.333333	0	0	140	0	0	0	0
Tom1l2	23.333333	140	0	0	0	0	0	0
Rfx2	23.333333	140	0	0	0	0	0	0
Ppp4c	23.333333	140	0	0	0	0	0	0
Pcf11	23.333333	0	140	0	0	0	0	0
Otud3	23.333333	0	0	140	0	0	0	0
Myo9b	23.333333	0	0	140	0	0	0	0
Mak16	23.333333	0	0	140	0	0	0	0
Kcnh6	23.333333	0	0	140	0	0	0	0
Haus8	23.333333	0	0	140	0	0	0	0
Drc3	23.333333	140	0	0	0	0	0	0
Cfap53	23.333333	0	0	140	0	0	0	0
Cd69	23.333333	0	0	0	0	140	0	0
Bcat1	23.333333	0	140	0	0	0	0	0
Arhgap15	23.333333	0	0	0	0	140	0	0
Zfp768	23.166667	0	0	139	0	0	0	0
Wdr19	23.166667	139	0	0	0	0	0	0
Usp14	23.166667	139	0	0	0	0	0	0
Trappc6a	23.166667	139	0	0	0	0	0	0
Tctex1d4	23.166667	0	0	0	139	0	0	0
Spryd7	23.166667	139	0	0	0	0	0	0
Ptpre	23.166667	0	139	0	0	0	0	0
H3c10	23.166667	0	0	139	0	0	0	0
H2bc14	23.166667	0	0	139	0	0	0	0
Gtse1	23.166667	0	0	139	0	0	0	0
Fam184b	23.166667	139	0	0	0	0	0	0
Dnaaf2	23.166667	0	139	0	0	0	0	0
Btbd19	23.166667	0	0	0	139	0	0	0
Bloc1s3	23.166667	139	0	0	0	0	0	0
Atg14	23.166667	139	0	0	0	0	0	0
Tbck	23.000000	138	0	0	0	0	0	0
Sugct	23.000000	0	0	138	0	0	0	0
Snx32	23.000000	0	138	0	0	0	0	0
Slc45a4	23.000000	0	0	0	0	0	138	0
Rps2	23.000000	0	138	0	0	0	0	0
Rnf151	23.000000	0	138	0	0	0	0	0
Rnf115	23.000000	0	0	138	0	0	0	0
Polr3c	23.000000	0	0	138	0	0	0	0
Pigq	23.000000	0	0	138	0	0	0	0
Palm3	23.000000	138	0	0	0	0	0	0
Nupr1	23.000000	138	0	0	0	0	0	0
Nhlrc4	23.000000	0	0	138	0	0	0	0
Ndufb10	23.000000	0	138	0	0	0	0	0
Mplkip	23.000000	0	0	138	0	0	0	0
Metrnl	23.000000	0	0	138	0	0	0	0
Hes3	23.000000	0	138	0	0	0	0	0
Coro2a	23.000000	0	0	138	0	0	0	0
Casd1	23.000000	0	138	0	0	0	0	0
Atxn10	23.000000	138	0	0	0	0	0	0
Aimp1	23.000000	138	0	0	0	0	0	0
Ackr3	23.000000	0	138	0	0	0	0	0
Tac4	22.833333	0	137	0	0	0	0	0
Slc44a1	22.833333	0	137	0	0	0	0	0
Sardh	22.833333	137	0	0	0	0	0	0
Mapk9	22.833333	137	0	0	0	0	0	0
Ctla2a	22.833333	0	0	137	0	0	0	0
Clec4b1	22.833333	0	0	137	0	0	0	0
Alkbh5	22.833333	0	137	0	0	0	0	0
Zfp771	22.666667	136	0	0	0	0	0	0
Xcr1	22.666667	0	0	0	136	0	0	0
Tsen54	22.666667	0	136	0	0	0	0	0
Snrpc	22.666667	0	0	136	0	0	0	0
Slc26a6	22.666667	0	136	0	0	0	0	0
Seh1l	22.666667	0	136	0	0	0	0	0
Pgrmc2	22.666667	136	0	0	0	0	0	0
Klhl9	22.666667	0	0	0	136	0	0	0
Cmtm3	22.666667	136	0	0	0	0	0	0
Churc1	22.666667	0	0	136	0	0	0	0
Caskin2	22.666667	0	136	0	0	0	0	0
C5ar1	22.666667	0	0	136	0	0	0	0
Bcl2l1	22.666667	0	0	136	0	0	0	0
Abhd18	22.666667	136	0	0	0	0	0	0
1810065E05Rik	22.666667	0	136	0	0	0	0	0
Yju2	22.500000	0	0	135	0	0	0	0
Ube2z	22.500000	135	0	0	0	0	0	0
Ttc39a	22.500000	0	135	0	0	0	0	0
Trappc1	22.500000	0	0	135	0	0	0	0
Sap18b	22.500000	135	0	0	0	0	0	0
Sap18	22.500000	135	0	0	0	0	0	0
Rbl2	22.500000	0	135	0	0	0	0	0
Psme4	22.500000	0	0	135	0	0	0	0
Piezo1	22.500000	0	135	0	0	0	0	0
Ndufaf4	22.500000	0	135	0	0	0	0	0
Nde1	22.500000	0	135	0	0	0	0	0
Ndc1	22.500000	0	0	0	135	0	0	0
Marf1	22.500000	0	135	0	0	0	0	0
Lrrc73	22.500000	0	135	0	0	0	0	0
Kng1	22.500000	0	0	0	0	135	0	0
Il4	22.500000	0	0	135	0	0	0	0
Exosc2	22.500000	0	135	0	0	0	0	0
Eif1b	22.500000	0	0	135	0	0	0	0
Coprs	22.500000	0	0	135	0	0	0	0
Cntrob	22.500000	0	0	135	0	0	0	0
Cd36	22.500000	0	0	0	135	0	0	0
Ccp110	22.500000	0	135	0	0	0	0	0
Art4	22.500000	0	135	0	0	0	0	0
Trap1	22.333333	0	0	134	0	0	0	0
Serf1	22.333333	134	0	0	0	0	0	0
Ogfod2	22.333333	134	0	0	0	0	0	0
Nsun3	22.333333	0	0	134	0	0	0	0
Nfatc2	22.333333	0	0	134	0	0	0	0
Lpgat1	22.333333	0	0	134	0	0	0	0
Klhl12	22.333333	0	0	0	134	0	0	0
Irgm1	22.333333	134	0	0	0	0	0	0
Il1b	22.333333	0	0	0	0	0	134	0
Il13	22.333333	0	0	134	0	0	0	0
H2bc4	22.333333	0	0	134	0	0	0	0
H2ac6	22.333333	0	0	134	0	0	0	0
Gramd1c	22.333333	0	0	134	0	0	0	0
Epm2a	22.333333	0	0	134	0	0	0	0
Cox14	22.333333	134	0	0	0	0	0	0
Bsg	22.333333	134	0	0	0	0	0	0
Bdp1	22.333333	134	0	0	0	0	0	0
Arl6ip4	22.333333	134	0	0	0	0	0	0
Ankrd44	22.333333	0	0	0	134	0	0	0
Zscan2	22.166667	0	0	133	0	0	0	0
Wdr89	22.166667	133	0	0	0	0	0	0
Uevld	22.166667	133	0	0	0	0	0	0
Tuba1b	22.166667	0	133	0	0	0	0	0
Tmem151b	22.166667	0	0	133	0	0	0	0
Srrt	22.166667	0	0	133	0	0	0	0
Mrc1	22.166667	0	0	0	133	0	0	0
Mex3c	22.166667	0	0	133	0	0	0	0
Bbs5	22.166667	133	0	0	0	0	0	0
Znrd1as	22.000000	0	0	132	0	0	0	0
Znrd1	22.000000	0	0	132	0	0	0	0
Trio	22.000000	0	132	0	0	0	0	0
Trim21	22.000000	0	0	0	132	0	0	0
Trerf1	22.000000	0	0	132	0	0	0	0
Tmed7	22.000000	0	0	132	0	0	0	0
St6gal1	22.000000	0	132	0	0	0	0	0
Skap1	22.000000	0	0	132	0	0	0	0
Setd3	22.000000	0	132	0	0	0	0	0
Rapgef6	22.000000	0	0	132	0	0	0	0
Olfr1404	22.000000	0	0	132	0	0	0	0
Nlrc3	22.000000	0	0	132	0	0	0	0
Mthfd1l	22.000000	0	132	0	0	0	0	0
Mtf2	22.000000	0	0	132	0	0	0	0
Mrps16	22.000000	0	0	132	0	0	0	0
Mlx	22.000000	0	132	0	0	0	0	0
H4c12	22.000000	0	0	132	0	0	0	0
H2bc15	22.000000	0	0	132	0	0	0	0
H2ac15	22.000000	0	0	132	0	0	0	0
Fra10ac1	22.000000	0	0	132	0	0	0	0
Fcgr3	22.000000	0	0	132	0	0	0	0
Erap1	22.000000	0	132	0	0	0	0	0
Eif1a	22.000000	0	0	132	0	0	0	0
Ecsit	22.000000	0	0	132	0	0	0	0
Dnajc9	22.000000	0	0	132	0	0	0	0
Dera	22.000000	0	0	132	0	0	0	0
Ddx1	22.000000	0	0	132	0	0	0	0
Coasy	22.000000	0	132	0	0	0	0	0
Ccnk	22.000000	0	132	0	0	0	0	0
Btg2	22.000000	0	132	0	0	0	0	0
Atg9b	22.000000	0	132	0	0	0	0	0
Abcb8	22.000000	0	132	0	0	0	0	0
Zfp69	21.833333	0	0	0	131	0	0	0
Pcgf1	21.833333	131	0	0	0	0	0	0
Mettl23	21.833333	0	131	0	0	0	0	0
Kin	21.833333	131	0	0	0	0	0	0
Il7r	21.833333	0	0	0	131	0	0	0
Gm6583	21.833333	0	0	0	131	0	0	0
Fbxl8	21.833333	0	131	0	0	0	0	0
Dtna	21.833333	0	131	0	0	0	0	0
Dgkz	21.833333	0	0	131	0	0	0	0
Cst7	21.833333	0	131	0	0	0	0	0
Atp5c1	21.833333	131	0	0	0	0	0	0
Afap1l1	21.833333	0	131	0	0	0	0	0
Zfp276	21.666667	0	0	130	0	0	0	0
Zc3h8	21.666667	0	130	0	0	0	0	0
Vps9d1	21.666667	0	0	130	0	0	0	0
Uba3	21.666667	0	130	0	0	0	0	0
Tyr	21.666667	0	130	0	0	0	0	0
Tmem132b	21.666667	0	130	0	0	0	0	0
Tasp1	21.666667	130	0	0	0	0	0	0
Slc66a2	21.666667	0	0	130	0	0	0	0
Rsbn1	21.666667	130	0	0	0	0	0	0
Pradc1	21.666667	0	130	0	0	0	0	0
Ncoa5	21.666667	130	0	0	0	0	0	0
Cct7	21.666667	0	130	0	0	0	0	0
Atf1	21.666667	0	0	130	0	0	0	0
Arl6ip5	21.666667	0	130	0	0	0	0	0
Amotl2	21.666667	130	0	0	0	0	0	0
Ubald1	21.500000	0	0	129	0	0	0	0
Tinagl1	21.500000	0	129	0	0	0	0	0
Spi1	21.500000	0	0	129	0	0	0	0
Smyd1	21.500000	0	0	129	0	0	0	0
Septin11	21.500000	0	129	0	0	0	0	0
Ppm1f	21.500000	129	0	0	0	0	0	0
Polr2b	21.500000	0	0	129	0	0	0	0
Noa1	21.500000	0	0	129	0	0	0	0
Nfkbil1	21.500000	0	129	0	0	0	0	0
Mvb12b	21.500000	0	0	129	0	0	0	0
Fgfbp3	21.500000	0	129	0	0	0	0	0
Evi5	21.500000	0	0	0	129	0	0	0
Commd6	21.500000	0	129	0	0	0	0	0
Celf4	21.500000	0	0	0	0	0	129	0
Atp6v1g2	21.500000	0	129	0	0	0	0	0
Ypel3	21.333333	0	128	0	0	0	0	0
Ube2m	21.333333	0	128	0	0	0	0	0
Tvp23b	21.333333	128	0	0	0	0	0	0
Thop1	21.333333	128	0	0	0	0	0	0
Tbx6	21.333333	0	128	0	0	0	0	0
Stom	21.333333	128	0	0	0	0	0	0
Src	21.333333	0	128	0	0	0	0	0
Slc35e3	21.333333	0	128	0	0	0	0	0
Scamp4	21.333333	0	0	128	0	0	0	0
Mxi1	21.333333	0	128	0	0	0	0	0
Lekr1	21.333333	0	0	128	0	0	0	0
Cutc	21.333333	0	128	0	0	0	0	0
Ctnna3	21.333333	0	128	0	0	0	0	0
Cox15	21.333333	0	128	0	0	0	0	0
B430306N03Rik	21.333333	0	0	0	128	0	0	0
Adat3	21.333333	0	0	128	0	0	0	0
Zfpl1	21.166667	0	0	127	0	0	0	0
Ywhag	21.166667	0	0	0	127	0	0	0
Txndc12	21.166667	0	0	127	0	0	0	0
Nme6	21.166667	0	127	0	0	0	0	0
Ly6g6e	21.166667	0	0	127	0	0	0	0
Kif5b	21.166667	0	0	127	0	0	0	0
Kdm2a	21.166667	0	0	127	0	0	0	0
Hipk1	21.166667	0	0	127	0	0	0	0
Gm5544	21.166667	0	0	127	0	0	0	0
Fmr1	21.166667	0	0	127	0	0	0	0
Flt3l	21.166667	0	0	127	0	0	0	0
Cdca5	21.166667	0	0	127	0	0	0	0
Btf3l4	21.166667	0	0	127	0	0	0	0
Arfgef3	21.166667	0	127	0	0	0	0	0
Trmt2a	21.000000	0	0	126	0	0	0	0
Spaca9	21.000000	0	0	0	126	0	0	0
Ranbp1	21.000000	0	0	126	0	0	0	0
Itgb2	21.000000	0	0	126	0	0	0	0
Gm12248	21.000000	0	126	0	0	0	0	0
E2f8	21.000000	126	0	0	0	0	0	0
Cmip	21.000000	0	0	126	0	0	0	0
Ak8	21.000000	0	0	0	126	0	0	0
Zc3h15	20.833333	0	125	0	0	0	0	0
Tomm20l	20.833333	0	0	0	0	125	0	0
Tnfaip8	20.833333	0	0	125	0	0	0	0
Tmem132a	20.833333	0	125	0	0	0	0	0
Tfeb	20.833333	0	125	0	0	0	0	0
Slc16a13	20.833333	0	125	0	0	0	0	0
Slc12a8	20.833333	0	125	0	0	0	0	0
Rack1	20.833333	0	125	0	0	0	0	0
Nxpe4	20.833333	0	0	125	0	0	0	0
Nlrp10	20.833333	0	0	125	0	0	0	0
Ndufb1	20.833333	0	125	0	0	0	0	0
Moxd2	20.833333	0	0	125	0	0	0	0
Mfsd4b4	20.833333	0	125	0	0	0	0	0
Map3k6	20.833333	0	0	0	125	0	0	0
Lsm11	20.833333	0	125	0	0	0	0	0
Lrrc66	20.833333	0	0	125	0	0	0	0
Enpp4	20.833333	0	0	125	0	0	0	0
Eif3f	20.833333	0	0	125	0	0	0	0
Cpsf2	20.833333	0	125	0	0	0	0	0
Col20a1	20.833333	0	125	0	0	0	0	0
Cd320	20.833333	0	125	0	0	0	0	0
Ywhah	20.666667	0	0	124	0	0	0	0
Utp23	20.666667	124	0	0	0	0	0	0
Trpm3	20.666667	0	124	0	0	0	0	0
Tbc1d30	20.666667	0	124	0	0	0	0	0
Slc7a5	20.666667	0	0	124	0	0	0	0
Paqr4	20.666667	0	124	0	0	0	0	0
Mvk	20.666667	0	124	0	0	0	0	0
Mmab	20.666667	0	124	0	0	0	0	0
Litaf	20.666667	0	124	0	0	0	0	0
Htatip2	20.666667	0	0	124	0	0	0	0
Herpud1	20.666667	124	0	0	0	0	0	0
Fdps	20.666667	0	124	0	0	0	0	0
Fbln2	20.666667	0	124	0	0	0	0	0
Ccdc43	20.666667	0	124	0	0	0	0	0
Bcl2l13	20.666667	124	0	0	0	0	0	0
Wdr77	20.500000	0	0	123	0	0	0	0
Wbp1l	20.500000	0	123	0	0	0	0	0
Tmx1	20.500000	0	123	0	0	0	0	0
Tcn2	20.500000	123	0	0	0	0	0	0
Smtn	20.500000	123	0	0	0	0	0	0
Serpine1	20.500000	0	123	0	0	0	0	0
Ndst1	20.500000	0	0	0	0	123	0	0
Mcfd2	20.500000	0	123	0	0	0	0	0
Mbd1	20.500000	0	0	123	0	0	0	0
Jade1	20.500000	0	123	0	0	0	0	0
Eef1akmt2	20.500000	123	0	0	0	0	0	0
Atp5pb	20.500000	0	0	123	0	0	0	0
Uck2	20.333333	0	122	0	0	0	0	0
Tefm	20.333333	0	0	122	0	0	0	0
Rttn	20.333333	0	0	122	0	0	0	0
Rpp14	20.333333	122	0	0	0	0	0	0
Ptcd3	20.333333	122	0	0	0	0	0	0
Psma6	20.333333	0	0	122	0	0	0	0
Prkag1	20.333333	0	122	0	0	0	0	0
Polr1a	20.333333	122	0	0	0	0	0	0
Nras	20.333333	0	0	122	0	0	0	0
Nipbl	20.333333	0	122	0	0	0	0	0
Naa16	20.333333	0	122	0	0	0	0	0
Kif1c	20.333333	122	0	0	0	0	0	0
Inca1	20.333333	122	0	0	0	0	0	0
I830077J02Rik	20.333333	0	0	0	122	0	0	0
Htd2	20.333333	122	0	0	0	0	0	0
Hmces	20.333333	0	122	0	0	0	0	0
Hivep2	20.333333	122	0	0	0	0	0	0
Efcab2	20.333333	0	122	0	0	0	0	0
Dnajc8	20.333333	122	0	0	0	0	0	0
Atpif1	20.333333	122	0	0	0	0	0	0
Aasdh	20.333333	122	0	0	0	0	0	0
Tgm1	20.166667	0	121	0	0	0	0	0
Spop	20.166667	0	0	0	0	0	121	0
Slc25a25	20.166667	0	0	121	0	0	0	0
Rnf44	20.166667	0	121	0	0	0	0	0
Rab5c	20.166667	0	0	121	0	0	0	0
Numa1	20.166667	0	0	121	0	0	0	0
Npl	20.166667	0	0	121	0	0	0	0
Nbeal2	20.166667	0	121	0	0	0	0	0
Lipt1	20.166667	121	0	0	0	0	0	0
Ift46	20.166667	0	0	121	0	0	0	0
Bmp2k	20.166667	121	0	0	0	0	0	0
Zfp995	20.000000	0	120	0	0	0	0	0
Spata5l1	20.000000	0	120	0	0	0	0	0
Rnf146	20.000000	0	0	120	0	0	0	0
Rnaset2a	20.000000	0	0	120	0	0	0	0
Rimbp3	20.000000	120	0	0	0	0	0	0
Rab20	20.000000	0	120	0	0	0	0	0
Mrpl53	20.000000	0	0	120	0	0	0	0
Knstrn	20.000000	0	120	0	0	0	0	0
Hacd3	20.000000	0	120	0	0	0	0	0
Cdk18	20.000000	0	0	120	0	0	0	0
Ccr4	20.000000	0	0	120	0	0	0	0
Tgfbrap1	19.833333	119	0	0	0	0	0	0
Tbl2	19.833333	119	0	0	0	0	0	0
Spdl1	19.833333	0	0	119	0	0	0	0
Slc26a10	19.833333	0	0	119	0	0	0	0
Sfr1	19.833333	119	0	0	0	0	0	0
Nrros	19.833333	0	0	119	0	0	0	0
Gtpbp2	19.833333	0	0	119	0	0	0	0
Gm7072	19.833333	0	119	0	0	0	0	0
Efcab14	19.833333	0	0	119	0	0	0	0
Csf1r	19.833333	0	0	0	119	0	0	0
Cfl1	19.833333	0	119	0	0	0	0	0
Car11	19.833333	0	0	119	0	0	0	0
Aff4	19.833333	0	0	119	0	0	0	0
AI597479	19.833333	119	0	0	0	0	0	0
Zfp184	19.666667	0	118	0	0	0	0	0
Tomm6	19.666667	0	118	0	0	0	0	0
Tex38	19.666667	0	0	118	0	0	0	0
Rpp40	19.666667	0	118	0	0	0	0	0
Pkig	19.666667	0	118	0	0	0	0	0
Pgp	19.666667	0	118	0	0	0	0	0
Ndufv3	19.666667	118	0	0	0	0	0	0
Ndufs1	19.666667	0	0	118	0	0	0	0
Mfsd2b	19.666667	0	0	118	0	0	0	0
Hdac11	19.666667	0	118	0	0	0	0	0
Gapdh	19.666667	118	0	0	0	0	0	0
Eef1b2	19.666667	0	0	118	0	0	0	0
Ece1	19.666667	0	0	118	0	0	0	0
Dnajc11	19.666667	0	0	118	0	0	0	0
Bricd5	19.666667	0	118	0	0	0	0	0
BC029722	19.666667	0	118	0	0	0	0	0
Atpaf1	19.666667	0	0	118	0	0	0	0
Atg101	19.666667	118	0	0	0	0	0	0
Ass1	19.666667	118	0	0	0	0	0	0
Aldh9a1	19.666667	118	0	0	0	0	0	0
Trak2	19.500000	117	0	0	0	0	0	0
Traf3ip1	19.500000	0	0	117	0	0	0	0
Tent5d	19.500000	117	0	0	0	0	0	0
Tbrg4	19.500000	117	0	0	0	0	0	0
Spidr	19.500000	117	0	0	0	0	0	0
Scfd2	19.500000	0	117	0	0	0	0	0
Sbf2	19.500000	0	117	0	0	0	0	0
Rsph3b	19.500000	117	0	0	0	0	0	0
Plin3	19.500000	0	117	0	0	0	0	0
Nipsnap3b	19.500000	117	0	0	0	0	0	0
Meis2	19.500000	117	0	0	0	0	0	0
Kcna3	19.500000	0	0	0	117	0	0	0
Hes7	19.500000	0	117	0	0	0	0	0
Gm5150	19.500000	0	0	0	117	0	0	0
Fip1l1	19.500000	0	117	0	0	0	0	0
Dtx2	19.500000	0	0	0	117	0	0	0
Cdkn2aipnl	19.500000	0	0	117	0	0	0	0
Capza1	19.500000	0	0	0	117	0	0	0
Aloxe3	19.500000	0	117	0	0	0	0	0
Agps	19.500000	0	0	0	117	0	0	0
2610002M06Rik	19.500000	117	0	0	0	0	0	0
Zfp874b	19.333333	0	116	0	0	0	0	0
Wdr45b	19.333333	0	116	0	0	0	0	0
Ttll3	19.333333	0	116	0	0	0	0	0
Tbl3	19.333333	116	0	0	0	0	0	0
Gnb1l	19.333333	0	116	0	0	0	0	0
Cluh	19.333333	0	0	0	116	0	0	0
Cfap54	19.333333	0	0	0	116	0	0	0
Zfp119b	19.166667	115	0	0	0	0	0	0
Zbtb25	19.166667	0	0	115	0	0	0	0
Zbtb1	19.166667	0	0	115	0	0	0	0
Utp20	19.166667	0	115	0	0	0	0	0
Trim36	19.166667	0	115	0	0	0	0	0
St3gal4	19.166667	0	115	0	0	0	0	0
Smc1b	19.166667	0	115	0	0	0	0	0
Slc35e4	19.166667	0	115	0	0	0	0	0
Rps6ka4	19.166667	0	115	0	0	0	0	0
Rpn1	19.166667	115	0	0	0	0	0	0
Rnf168	19.166667	115	0	0	0	0	0	0
Rnf123	19.166667	0	115	0	0	0	0	0
Polr2h	19.166667	115	0	0	0	0	0	0
Nmt2	19.166667	115	0	0	0	0	0	0
Mtrr	19.166667	0	115	0	0	0	0	0
Mst1	19.166667	0	115	0	0	0	0	0
Mmp21	19.166667	0	115	0	0	0	0	0
Mfsd4b1	19.166667	0	115	0	0	0	0	0
Kat6b	19.166667	115	0	0	0	0	0	0
Gm29825	19.166667	0	115	0	0	0	0	0
Gm14322	19.166667	0	115	0	0	0	0	0
Fastkd3	19.166667	0	115	0	0	0	0	0
Dynll2	19.166667	0	115	0	0	0	0	0
Clcn2	19.166667	115	0	0	0	0	0	0
Ccl5	19.166667	0	115	0	0	0	0	0
Arhgef7	19.166667	0	0	115	0	0	0	0
Znrf4	19.000000	114	0	0	0	0	0	0
Zbtb45	19.000000	0	0	114	0	0	0	0
Tmem132e	19.000000	0	0	114	0	0	0	0
Tigd5	19.000000	0	114	0	0	0	0	0
Spag6	19.000000	0	0	114	0	0	0	0
Prr29	19.000000	0	0	114	0	0	0	0
Odf2l	19.000000	0	114	0	0	0	0	0
Kpna6	19.000000	0	114	0	0	0	0	0
Itsn2	19.000000	0	0	114	0	0	0	0
Hyou1	19.000000	114	0	0	0	0	0	0
Gm1673	19.000000	0	114	0	0	0	0	0
Gamt	19.000000	0	0	114	0	0	0	0
Eef1d	19.000000	0	114	0	0	0	0	0
Dusp7	19.000000	0	114	0	0	0	0	0
Dazap1	19.000000	0	0	114	0	0	0	0
Bmp8a	19.000000	0	0	0	0	114	0	0
Ulk2	18.833333	0	0	113	0	0	0	0
Tmem68	18.833333	0	0	113	0	0	0	0
Tgs1	18.833333	0	0	113	0	0	0	0
Rel	18.833333	113	0	0	0	0	0	0
Ppp6r1	18.833333	0	0	0	0	0	113	0
Mrnip	18.833333	113	0	0	0	0	0	0
Gpr176	18.833333	0	0	113	0	0	0	0
G2e3	18.833333	113	0	0	0	0	0	0
Fetub	18.833333	0	113	0	0	0	0	0
Faah	18.833333	0	113	0	0	0	0	0
Adam10	18.833333	0	113	0	0	0	0	0
Acbd3	18.833333	113	0	0	0	0	0	0
Zar1l	18.666667	0	112	0	0	0	0	0
Tulp4	18.666667	0	112	0	0	0	0	0
Syn3	18.666667	0	112	0	0	0	0	0
Ggcx	18.666667	112	0	0	0	0	0	0
Etv6	18.666667	112	0	0	0	0	0	0
Dimt1	18.666667	112	0	0	0	0	0	0
Cyb5r1	18.666667	112	0	0	0	0	0	0
Brca2	18.666667	0	112	0	0	0	0	0
Xpo7	18.500000	111	0	0	0	0	0	0
Txndc5	18.500000	0	111	0	0	0	0	0
Spcs1	18.500000	111	0	0	0	0	0	0
Serpinb2	18.500000	0	0	111	0	0	0	0
Sema6b	18.500000	0	0	0	0	111	0	0
Rnft1	18.500000	0	0	111	0	0	0	0
Ncapd2	18.500000	0	111	0	0	0	0	0
Mrpl51	18.500000	0	111	0	0	0	0	0
Ipo4	18.500000	0	0	111	0	0	0	0
Gon4l	18.500000	0	0	111	0	0	0	0
Glt8d1	18.500000	111	0	0	0	0	0	0
Gata1	18.500000	0	0	111	0	0	0	0
Wdtc1	18.333333	0	0	110	0	0	0	0
Wdr48	18.333333	0	110	0	0	0	0	0
Txnrd2	18.333333	0	0	110	0	0	0	0
Tnfsf13	18.333333	0	0	110	0	0	0	0
Tm9sf4	18.333333	0	110	0	0	0	0	0
Srp14	18.333333	0	110	0	0	0	0	0
Senp3	18.333333	0	0	110	0	0	0	0
Prss12	18.333333	0	110	0	0	0	0	0
Plch1	18.333333	110	0	0	0	0	0	0
Mat2a	18.333333	0	110	0	0	0	0	0
Luc7l2	18.333333	110	0	0	0	0	0	0
Icam1	18.333333	0	0	0	0	0	110	0
Cyp2u1	18.333333	0	110	0	0	0	0	0
Crip2	18.333333	0	110	0	0	0	0	0
Cdkn1a	18.333333	0	110	0	0	0	0	0
Atp5g2	18.333333	110	0	0	0	0	0	0
Add2	18.333333	0	0	110	0	0	0	0
Acsf2	18.333333	0	110	0	0	0	0	0
Ypel5	18.166667	109	0	0	0	0	0	0
Tmem139	18.166667	109	0	0	0	0	0	0
Them4	18.166667	0	0	109	0	0	0	0
Syk	18.166667	0	0	0	0	0	109	0
Rps29	18.166667	0	0	109	0	0	0	0
Rps21	18.166667	109	0	0	0	0	0	0
Rasl11b	18.166667	0	109	0	0	0	0	0
Ptpro	18.166667	0	0	0	0	109	0	0
Ppat	18.166667	109	0	0	0	0	0	0
Pkn1	18.166667	0	0	0	109	0	0	0
Pcyt2	18.166667	0	109	0	0	0	0	0
Paics	18.166667	109	0	0	0	0	0	0
Leng8	18.166667	0	0	109	0	0	0	0
Ints13	18.166667	109	0	0	0	0	0	0
Grk5	18.166667	109	0	0	0	0	0	0
Fgfr1op2	18.166667	109	0	0	0	0	0	0
Fbxl4	18.166667	0	0	109	0	0	0	0
Casp2	18.166667	109	0	0	0	0	0	0
Zfp566	18.000000	0	0	108	0	0	0	0
Zfp260	18.000000	0	0	108	0	0	0	0
Zbtb3	18.000000	0	0	108	0	0	0	0
Ythdf2	18.000000	0	0	108	0	0	0	0
Ptpdc1	18.000000	108	0	0	0	0	0	0
Polr2g	18.000000	0	0	108	0	0	0	0
Pold3	18.000000	108	0	0	0	0	0	0
Pcid2	18.000000	108	0	0	0	0	0	0
Pcgf5	18.000000	0	0	108	0	0	0	0
Mob4	18.000000	0	0	108	0	0	0	0
Khsrp	18.000000	0	108	0	0	0	0	0
Cul4a	18.000000	108	0	0	0	0	0	0
Alyref2	18.000000	0	108	0	0	0	0	0
Zbtb9	17.833333	107	0	0	0	0	0	0
Trps1	17.833333	0	107	0	0	0	0	0
Srxn1	17.833333	0	107	0	0	0	0	0
Smim19	17.833333	0	107	0	0	0	0	0
Slc20a2	17.833333	0	107	0	0	0	0	0
Rfc3	17.833333	107	0	0	0	0	0	0
Pdk2	17.833333	0	0	107	0	0	0	0
Paqr8	17.833333	107	0	0	0	0	0	0
Nt5c3	17.833333	0	107	0	0	0	0	0
Nsmce1	17.833333	0	0	107	0	0	0	0
Mpp4	17.833333	0	107	0	0	0	0	0
Mettl6	17.833333	0	0	107	0	0	0	0
Knop1	17.833333	107	0	0	0	0	0	0
Iqck	17.833333	107	0	0	0	0	0	0
Eaf1	17.833333	0	0	107	0	0	0	0
Col17a1	17.833333	0	0	107	0	0	0	0
Arhgap35	17.833333	107	0	0	0	0	0	0
1110051M20Rik	17.833333	0	0	107	0	0	0	0
Yy1	17.666667	0	0	106	0	0	0	0
S1pr4	17.666667	0	0	106	0	0	0	0
Rmdn2	17.666667	106	0	0	0	0	0	0
Pcnp	17.666667	106	0	0	0	0	0	0
Nme9	17.666667	0	106	0	0	0	0	0
Ncln	17.666667	0	0	106	0	0	0	0
Mthfsl	17.666667	106	0	0	0	0	0	0
Mamstr	17.666667	0	0	0	0	106	0	0
Gm33989	17.666667	106	0	0	0	0	0	0
Frmd4b	17.666667	0	0	0	106	0	0	0
Ddx24	17.666667	0	106	0	0	0	0	0
Clcn3	17.666667	106	0	0	0	0	0	0
Ccl3	17.666667	0	0	106	0	0	0	0
Amz2	17.666667	0	0	106	0	0	0	0
2310011J03Rik	17.666667	106	0	0	0	0	0	0
Zfp354a	17.500000	0	105	0	0	0	0	0
Tubgcp3	17.500000	0	105	0	0	0	0	0
Tmem232	17.500000	0	105	0	0	0	0	0
Rpl21	17.500000	105	0	0	0	0	0	0
Prorsd1	17.500000	0	105	0	0	0	0	0
Ppp4r3b	17.500000	0	0	105	0	0	0	0
Pim1	17.500000	0	105	0	0	0	0	0
Pcyox1	17.500000	105	0	0	0	0	0	0
Lst1	17.500000	0	0	105	0	0	0	0
Klc1	17.500000	0	0	105	0	0	0	0
Kcnt1	17.500000	0	105	0	0	0	0	0
Gale	17.500000	0	105	0	0	0	0	0
Elobl	17.500000	0	105	0	0	0	0	0
Cobll1	17.500000	0	105	0	0	0	0	0
Bin1	17.500000	0	105	0	0	0	0	0
Ankle2	17.500000	0	0	0	105	0	0	0
Ube2cbp	17.333333	104	0	0	0	0	0	0
Sh3tc1	17.333333	0	0	104	0	0	0	0
Ptpn22	17.333333	0	0	104	0	0	0	0
Pkn3	17.333333	104	0	0	0	0	0	0
Oacyl	17.333333	0	104	0	0	0	0	0
Nckap5l	17.333333	0	0	0	104	0	0	0
Ipo8	17.333333	104	0	0	0	0	0	0
Igfbp4	17.333333	0	0	0	104	0	0	0
Guf1	17.333333	0	104	0	0	0	0	0
Fitm2	17.333333	0	104	0	0	0	0	0
Fbxo6	17.333333	0	0	104	0	0	0	0
Dop1a	17.333333	104	0	0	0	0	0	0
Cln6	17.333333	0	104	0	0	0	0	0
Cers5	17.333333	0	104	0	0	0	0	0
Spred1	17.166667	103	0	0	0	0	0	0
Rc3h2	17.166667	103	0	0	0	0	0	0
Mdga2	17.166667	0	103	0	0	0	0	0
Calm2	17.166667	0	0	103	0	0	0	0
Arhgef12	17.166667	0	103	0	0	0	0	0
Adck5	17.166667	0	103	0	0	0	0	0
Zfp748	17.000000	102	0	0	0	0	0	0
Zfp637	17.000000	102	0	0	0	0	0	0
Wdr93	17.000000	102	0	0	0	0	0	0
Trmt44	17.000000	102	0	0	0	0	0	0
Slc25a40	17.000000	0	0	102	0	0	0	0
Pex11a	17.000000	102	0	0	0	0	0	0
Otud4	17.000000	0	102	0	0	0	0	0
Nfu1	17.000000	102	0	0	0	0	0	0
Etv1	17.000000	102	0	0	0	0	0	0
Dhrs13	17.000000	0	0	102	0	0	0	0
Dbf4	17.000000	0	0	102	0	0	0	0
C1galt1	17.000000	0	102	0	0	0	0	0
Bicral	17.000000	0	0	102	0	0	0	0
Aurkb	17.000000	0	102	0	0	0	0	0
Afap1	17.000000	0	102	0	0	0	0	0
Zmiz1	16.833333	0	0	101	0	0	0	0
Zdhhc3	16.833333	0	0	101	0	0	0	0
Rsph14	16.833333	101	0	0	0	0	0	0
Rasa3	16.833333	0	0	101	0	0	0	0
Rab36	16.833333	101	0	0	0	0	0	0
Pigz	16.833333	0	101	0	0	0	0	0
Pfas	16.833333	101	0	0	0	0	0	0
Pcbp4	16.833333	101	0	0	0	0	0	0
Katnal1	16.833333	0	0	101	0	0	0	0
Ier5	16.833333	101	0	0	0	0	0	0
Gm960	16.833333	0	0	101	0	0	0	0
Exosc7	16.833333	0	0	101	0	0	0	0
Dnase1l2	16.833333	0	101	0	0	0	0	0
Ddx21	16.833333	101	0	0	0	0	0	0
Asb7	16.833333	101	0	0	0	0	0	0
Aen	16.833333	0	101	0	0	0	0	0
Adamts14	16.833333	0	101	0	0	0	0	0
Abhd14b	16.833333	101	0	0	0	0	0	0
Zfp622	16.666667	0	100	0	0	0	0	0
Suclg1	16.666667	100	0	0	0	0	0	0
Rin2	16.666667	0	100	0	0	0	0	0
Ranbp9	16.666667	0	0	100	0	0	0	0
Ppp1r11	16.666667	0	0	100	0	0	0	0
Paqr7	16.666667	0	0	100	0	0	0	0
Ninj2	16.666667	0	100	0	0	0	0	0
Hhex	16.666667	0	0	100	0	0	0	0
Cc2d1a	16.666667	0	100	0	0	0	0	0
Anapc10	16.666667	100	0	0	0	0	0	0
Abce1	16.666667	100	0	0	0	0	0	0
4930432K21Rik	16.666667	0	100	0	0	0	0	0
Zfp664	16.500000	0	99	0	0	0	0	0
Zdhhc6	16.500000	0	0	99	0	0	0	0
Wrnip1	16.500000	0	0	99	0	0	0	0
Vti1a	16.500000	0	0	99	0	0	0	0
Tusc3	16.500000	99	0	0	0	0	0	0
Sfxn3	16.500000	99	0	0	0	0	0	0
Rbbp5	16.500000	0	0	99	0	0	0	0
Pdzd7	16.500000	99	0	0	0	0	0	0
Nipa2	16.500000	99	0	0	0	0	0	0
Kbtbd2	16.500000	0	99	0	0	0	0	0
Eif6	16.500000	0	99	0	0	0	0	0
Dars	16.500000	99	0	0	0	0	0	0
Ccdc92	16.500000	0	99	0	0	0	0	0
Zfp747	16.333333	0	98	0	0	0	0	0
Sirt1	16.333333	0	0	98	0	0	0	0
Shoc2	16.333333	98	0	0	0	0	0	0
Rars	16.333333	0	98	0	0	0	0	0
Ppargc1a	16.333333	98	0	0	0	0	0	0
Hax1	16.333333	98	0	0	0	0	0	0
Crcp	16.333333	0	0	98	0	0	0	0
Bbip1	16.333333	98	0	0	0	0	0	0
Ttc21b	16.166667	97	0	0	0	0	0	0
Trnt1	16.166667	97	0	0	0	0	0	0
Snrnp70	16.166667	97	0	0	0	0	0	0
Smim10l1	16.166667	97	0	0	0	0	0	0
Slc17a9	16.166667	0	0	97	0	0	0	0
Pebp1	16.166667	97	0	0	0	0	0	0
Map2k1	16.166667	0	97	0	0	0	0	0
Itch	16.166667	0	0	0	97	0	0	0
Dsel	16.166667	97	0	0	0	0	0	0
Ddc	16.166667	0	0	97	0	0	0	0
Ctdsp1	16.166667	97	0	0	0	0	0	0
C1rl	16.166667	0	97	0	0	0	0	0
Anxa5	16.166667	97	0	0	0	0	0	0
Abhd11	16.166667	97	0	0	0	0	0	0
1810062G17Rik	16.166667	97	0	0	0	0	0	0
Zfp180	16.000000	0	96	0	0	0	0	0
Uvssa	16.000000	96	0	0	0	0	0	0
Tmc5	16.000000	0	96	0	0	0	0	0
Slc13a2	16.000000	0	0	96	0	0	0	0
Panx1	16.000000	0	96	0	0	0	0	0
Nupl1	16.000000	96	0	0	0	0	0	0
Mecom	16.000000	96	0	0	0	0	0	0
Gm20939	16.000000	96	0	0	0	0	0	0
Gadd45a	16.000000	0	96	0	0	0	0	0
Csrp2	16.000000	0	96	0	0	0	0	0
Zfp623	15.833333	0	95	0	0	0	0	0
Tle3	15.833333	0	95	0	0	0	0	0
Smyd5	15.833333	95	0	0	0	0	0	0
Rnpc3	15.833333	95	0	0	0	0	0	0
Osgin2	15.833333	95	0	0	0	0	0	0
Nfe2	15.833333	0	0	95	0	0	0	0
Mef2c	15.833333	0	0	0	95	0	0	0
Map3k7	15.833333	95	0	0	0	0	0	0
Lct	15.833333	0	0	95	0	0	0	0
Ift172	15.833333	0	95	0	0	0	0	0
Gm4981	15.833333	0	95	0	0	0	0	0
Fndc4	15.833333	0	95	0	0	0	0	0
Esrra	15.833333	0	95	0	0	0	0	0
Ddx41	15.833333	95	0	0	0	0	0	0
Chid1	15.833333	0	0	95	0	0	0	0
Catsperz	15.833333	0	95	0	0	0	0	0
Bub1	15.833333	95	0	0	0	0	0	0
Trappc6b	15.666667	0	94	0	0	0	0	0
Tlx2	15.666667	0	94	0	0	0	0	0
Nsun4	15.666667	0	0	94	0	0	0	0
Junb	15.666667	0	94	0	0	0	0	0
Hibadh	15.666667	94	0	0	0	0	0	0
Gemin4	15.666667	94	0	0	0	0	0	0
Fbxo33	15.666667	94	0	0	0	0	0	0
Dbil5	15.666667	94	0	0	0	0	0	0
Cdc7	15.666667	0	94	0	0	0	0	0
Ttc1	15.500000	93	0	0	0	0	0	0
Pole3	15.500000	0	93	0	0	0	0	0
Orai1	15.500000	93	0	0	0	0	0	0
Mrps9	15.500000	93	0	0	0	0	0	0
Me3	15.500000	0	93	0	0	0	0	0
Inpp1	15.500000	0	93	0	0	0	0	0
Herc1	15.500000	93	0	0	0	0	0	0
Ercc5	15.500000	93	0	0	0	0	0	0
Alad	15.500000	0	93	0	0	0	0	0
Tmem80	15.333333	92	0	0	0	0	0	0
Tmem217	15.333333	0	92	0	0	0	0	0
Tbc1d22b	15.333333	0	92	0	0	0	0	0
Tarbp1	15.333333	0	92	0	0	0	0	0
Sp4	15.333333	0	92	0	0	0	0	0
Ptpn12	15.333333	0	0	0	92	0	0	0
Ppp2ca	15.333333	92	0	0	0	0	0	0
Pnn	15.333333	0	92	0	0	0	0	0
Mrps36	15.333333	92	0	0	0	0	0	0
Got1	15.333333	0	92	0	0	0	0	0
Fyn	15.333333	92	0	0	0	0	0	0
Deaf1	15.333333	92	0	0	0	0	0	0
Cmss1	15.333333	92	0	0	0	0	0	0
Ccdc97	15.333333	92	0	0	0	0	0	0
Cbx2	15.333333	0	92	0	0	0	0	0
Umad1	15.166667	91	0	0	0	0	0	0
Slc35b3	15.166667	91	0	0	0	0	0	0
Senp2	15.166667	91	0	0	0	0	0	0
Rpa3	15.166667	91	0	0	0	0	0	0
Prkab2	15.166667	0	0	91	0	0	0	0
Prag1	15.166667	91	0	0	0	0	0	0
Mrpl22	15.166667	0	91	0	0	0	0	0
Lyrm4	15.166667	0	91	0	0	0	0	0
Hsph1	15.166667	91	0	0	0	0	0	0
Gls	15.166667	91	0	0	0	0	0	0
Gemin5	15.166667	0	91	0	0	0	0	0
Fars2	15.166667	0	91	0	0	0	0	0
Cox20	15.166667	91	0	0	0	0	0	0
Ago2	15.166667	91	0	0	0	0	0	0
Actr8	15.166667	91	0	0	0	0	0	0
Tfb2m	15.000000	0	90	0	0	0	0	0
Slc52a3	15.000000	90	0	0	0	0	0	0
Otos	15.000000	0	90	0	0	0	0	0
Mcoln3	15.000000	0	90	0	0	0	0	0
Etv3	15.000000	0	0	0	90	0	0	0
Erp29	15.000000	90	0	0	0	0	0	0
Cnst	15.000000	0	90	0	0	0	0	0
Zbtb43	14.833333	0	89	0	0	0	0	0
Utp25	14.833333	89	0	0	0	0	0	0
Pts	14.833333	89	0	0	0	0	0	0
Fkbp4	14.833333	89	0	0	0	0	0	0
Fam76b	14.833333	89	0	0	0	0	0	0
Dhrs7b	14.833333	89	0	0	0	0	0	0
Cnot11	14.833333	0	0	89	0	0	0	0
Cep57	14.833333	89	0	0	0	0	0	0
Ccdc90b	14.833333	0	89	0	0	0	0	0
Atp5l	14.833333	0	89	0	0	0	0	0
Apbb2	14.833333	89	0	0	0	0	0	0
Zic2	14.666667	0	88	0	0	0	0	0
Vav2	14.666667	88	0	0	0	0	0	0
Ubl7	14.666667	0	88	0	0	0	0	0
Tsr1	14.666667	88	0	0	0	0	0	0
Tmem9b	14.666667	0	88	0	0	0	0	0
Sox6	14.666667	88	0	0	0	0	0	0
Sgsm2	14.666667	88	0	0	0	0	0	0
Sema6a	14.666667	88	0	0	0	0	0	0
Ppard	14.666667	0	88	0	0	0	0	0
Nacad	14.666667	0	88	0	0	0	0	0
Lrp11	14.666667	0	0	88	0	0	0	0
Ing2	14.666667	88	0	0	0	0	0	0
Gmcl1	14.666667	88	0	0	0	0	0	0
Fam241a	14.666667	0	0	88	0	0	0	0
Armc8	14.666667	88	0	0	0	0	0	0
Ythdf3	14.500000	0	87	0	0	0	0	0
Upf3a	14.500000	0	87	0	0	0	0	0
Tram1	14.500000	87	0	0	0	0	0	0
Tpmt	14.500000	0	87	0	0	0	0	0
Snx17	14.500000	87	0	0	0	0	0	0
Sfxn5	14.500000	87	0	0	0	0	0	0
Sec22a	14.500000	87	0	0	0	0	0	0
Prkcsh	14.500000	0	87	0	0	0	0	0
Kif14	14.500000	87	0	0	0	0	0	0
Kdm1b	14.500000	0	87	0	0	0	0	0
Kcnmb1	14.500000	0	0	87	0	0	0	0
Eif2b4	14.500000	87	0	0	0	0	0	0
Ccdc151	14.500000	0	87	0	0	0	0	0
Cbx7	14.500000	0	87	0	0	0	0	0
Unc119	14.333333	0	0	86	0	0	0	0
Sinhcaf	14.333333	86	0	0	0	0	0	0
Ormdl3	14.333333	0	86	0	0	0	0	0
Ddx19b	14.333333	86	0	0	0	0	0	0
Bnip3	14.333333	0	86	0	0	0	0	0
Akr1b3	14.333333	0	0	86	0	0	0	0
Actr1b	14.333333	86	0	0	0	0	0	0
Aars	14.333333	86	0	0	0	0	0	0
4933424G06Rik	14.333333	86	0	0	0	0	0	0
Spsb3	14.166667	0	0	85	0	0	0	0
Spcs3	14.166667	85	0	0	0	0	0	0
Snrnp35	14.166667	0	85	0	0	0	0	0
Sbno1	14.166667	85	0	0	0	0	0	0
Rilpl2	14.166667	0	85	0	0	0	0	0
Rab18	14.166667	85	0	0	0	0	0	0
Nubp2	14.166667	0	0	85	0	0	0	0
Nrd1	14.166667	85	0	0	0	0	0	0
Gm614	14.166667	85	0	0	0	0	0	0
Ghitm	14.166667	85	0	0	0	0	0	0
Ggct	14.166667	85	0	0	0	0	0	0
Ccnf	14.166667	85	0	0	0	0	0	0
Tmem43	14.000000	84	0	0	0	0	0	0
Recql	14.000000	84	0	0	0	0	0	0
Nop9	14.000000	0	0	84	0	0	0	0
Mkrn2	14.000000	0	0	84	0	0	0	0
Mief1	14.000000	0	84	0	0	0	0	0
Hells	14.000000	0	84	0	0	0	0	0
Golt1b	14.000000	84	0	0	0	0	0	0
Fis1	14.000000	0	84	0	0	0	0	0
Fam13b	14.000000	0	84	0	0	0	0	0
Dhrs1	14.000000	0	0	84	0	0	0	0
Chchd4	14.000000	84	0	0	0	0	0	0
Uqcc3	13.833333	0	83	0	0	0	0	0
Stard6	13.833333	83	0	0	0	0	0	0
Lbhd1	13.833333	0	83	0	0	0	0	0
4930503L19Rik	13.833333	83	0	0	0	0	0	0
Zfp688	13.666667	82	0	0	0	0	0	0
Ubn2	13.666667	82	0	0	0	0	0	0
Nrf1	13.666667	0	82	0	0	0	0	0
Ldhb	13.666667	82	0	0	0	0	0	0
Hps6	13.666667	0	82	0	0	0	0	0
Cenpc1	13.666667	0	82	0	0	0	0	0
Armh3	13.666667	0	82	0	0	0	0	0
Armc5	13.666667	0	82	0	0	0	0	0
Arih1	13.666667	0	82	0	0	0	0	0
9130023H24Rik	13.666667	0	82	0	0	0	0	0
Tada3	13.500000	81	0	0	0	0	0	0
Nuak2	13.500000	0	0	81	0	0	0	0
Mfap3	13.500000	81	0	0	0	0	0	0
Gadd45b	13.500000	0	81	0	0	0	0	0
Fosb	13.500000	81	0	0	0	0	0	0
Fbxo22	13.500000	81	0	0	0	0	0	0
Fam114a2	13.500000	81	0	0	0	0	0	0
Arpc4	13.500000	81	0	0	0	0	0	0
Zfp3	13.333333	0	0	80	0	0	0	0
Tssk1	13.333333	80	0	0	0	0	0	0
Letm1	13.333333	0	80	0	0	0	0	0
Dgcr2	13.333333	80	0	0	0	0	0	0
Atxn2l	13.333333	80	0	0	0	0	0	0
Tmem176b	13.166667	0	79	0	0	0	0	0
Tmem176a	13.166667	0	79	0	0	0	0	0
Psmd12	13.166667	79	0	0	0	0	0	0
Pou2f1	13.166667	0	79	0	0	0	0	0
Pfkp	13.166667	0	0	79	0	0	0	0
Mapkapk5	13.166667	79	0	0	0	0	0	0
Clasp2	13.166667	0	79	0	0	0	0	0
Zc3h3	13.000000	78	0	0	0	0	0	0
Stxbp2	13.000000	78	0	0	0	0	0	0
Sco1	13.000000	0	78	0	0	0	0	0
Sap30	13.000000	0	78	0	0	0	0	0
Plat	13.000000	0	78	0	0	0	0	0
Msh3	13.000000	0	78	0	0	0	0	0
Exo5	13.000000	0	0	78	0	0	0	0
Dhfr	13.000000	0	78	0	0	0	0	0
Adprm	13.000000	0	78	0	0	0	0	0
Uqcrc1	12.833333	77	0	0	0	0	0	0
Tbc1d31	12.833333	0	77	0	0	0	0	0
Recql4	12.833333	77	0	0	0	0	0	0
Lrrc14	12.833333	77	0	0	0	0	0	0
Kansl1l	12.833333	0	77	0	0	0	0	0
Dnah7b	12.833333	77	0	0	0	0	0	0
C1qtnf1	12.833333	77	0	0	0	0	0	0
Vars2	12.666667	0	0	76	0	0	0	0
Slbp	12.666667	76	0	0	0	0	0	0
Prpf38a	12.666667	76	0	0	0	0	0	0
Ppil1	12.666667	0	0	76	0	0	0	0
Orc1	12.666667	76	0	0	0	0	0	0
Eef1e1	12.666667	76	0	0	0	0	0	0
BC004004	12.666667	0	0	76	0	0	0	0
Spdye4b	12.500000	0	75	0	0	0	0	0
Rbak	12.500000	0	75	0	0	0	0	0
Mdfic	12.500000	0	75	0	0	0	0	0
Gpat4	12.500000	75	0	0	0	0	0	0
Bmf	12.500000	0	75	0	0	0	0	0
Slc6a16	12.333333	0	0	74	0	0	0	0
Rrp15	12.333333	0	74	0	0	0	0	0
Rrbp1	12.333333	0	0	74	0	0	0	0
Prr3	12.333333	0	74	0	0	0	0	0
Ldhd	12.333333	74	0	0	0	0	0	0
Gnl1	12.333333	0	74	0	0	0	0	0
Fos	12.333333	74	0	0	0	0	0	0
Cd37	12.333333	0	0	74	0	0	0	0
Tmem209	12.166667	0	73	0	0	0	0	0
Ssmem1	12.166667	0	73	0	0	0	0	0
Brpf1	12.166667	73	0	0	0	0	0	0
Zfat	12.000000	0	72	0	0	0	0	0
Rsad2	12.000000	0	72	0	0	0	0	0
Ptpn4	12.000000	72	0	0	0	0	0	0
Glo1	12.000000	72	0	0	0	0	0	0
Tesk1	11.833333	0	0	71	0	0	0	0
Spred2	11.833333	0	0	71	0	0	0	0
Setd7	11.833333	71	0	0	0	0	0	0
S100a3	11.833333	0	0	71	0	0	0	0
S100a2	11.833333	0	0	71	0	0	0	0
Hk1	11.833333	0	71	0	0	0	0	0
Spryd3	11.666667	70	0	0	0	0	0	0
Retsat	11.666667	0	70	0	0	0	0	0
Elmod3	11.666667	0	70	0	0	0	0	0
Cap1	11.500000	69	0	0	0	0	0	0
9230019H11Rik	11.500000	0	69	0	0	0	0	0
Pimreg	11.333333	0	68	0	0	0	0	0
Phf5a	11.333333	68	0	0	0	0	0	0
Aipl1	11.333333	0	68	0	0	0	0	0
Aco2	11.333333	68	0	0	0	0	0	0
Rcan3	11.166667	67	0	0	0	0	0	0
Itpa	11.166667	67	0	0	0	0	0	0
Ddrgk1	11.166667	67	0	0	0	0	0	0
Ccni	11.166667	0	67	0	0	0	0	0
2010109A12Rik	11.166667	0	67	0	0	0	0	0
Ulk1	11.000000	0	66	0	0	0	0	0
Sod2	10.833333	0	65	0	0	0	0	0
Ap5s1	10.833333	0	65	0	0	0	0	0
Fam71e1	10.333333	0	62	0	0	0	0	0
Emc10	10.333333	0	62	0	0	0	0	0
3110009E18Rik	10.333333	0	62	0	0	0	0	0
Ccdc174	10.000000	0	60	0	0	0	0	0
Atp6v0d2	0.000000	0	0	0	0	0	0	426
Gmpr	0.000000	0	0	0	0	0	0	413
Pax6	0.000000	0	0	0	0	0	0	193
